1014
332.3125 309.0
326.125 276.0
320.1875 261.0
320.7291666666667 262.0
319.625 260.0
317.1666666666667 256.0
317.8125 257.0
321.75 407.0
321.75 264.0
321.25 263.0
162.875 339.0
165.0 293.46875
162.775 315.0
416.0 335.0
330.3333333333333 304.0
328.0833333333333 295.0
327.7083333333333 292.0
318.4375 258.0
319.0416666666667 259.0
321.25 408.0
320.7291666666667 409.0
319.625 411.0
320.1875 410.0
316.0 414.28125
317.0 414.078125
317.88461538461536 413.88461538461536
323.125 267.0
324.3125 270.0
323.5416666666667 268.0
323.9375 269.0
162.1413043478261 338.2173913043478
161.6875 337.0
162.0625 338.0
193.1153846153846 413.88461538461536
130.0 381.0
134.0 377.0
189.25 407.0
133.0 378.0
327.5 384.0
327.4791666666667 385.0
326.9166666666667 391.0
327.4375 386.0
211.0 243.0
164.0 292.3125
163.0 291.1875
161.0 289.03125
162.0 290.09375
167.0 295.875
166.0 294.65625
159.625 332.0
215.0 248.0
167.05 296.0
167.05555555555554 295.94444444444446
168.0 295.0
213.0 250.0
214.0 249.0
330.6875 305.0
331.0625 306.0
329.6875 302.0
330.0 303.0
331.875 308.0
331.4583333333333 307.0
328.4375 297.0
328.25 296.0
328.6458333333333 298.0
328.875 299.0
329.3958333333333 301.0
329.125 300.0
327.0625 281.0
326.9166666666667 280.0
327.625 291.0
327.5625 290.0
320.0 416.0
415.5 335.5
322.2291666666667 406.0
319.0 415.0
318.0 414.0
319.0416666666667 412.0
318.4375 413.0
327.5 287.0
327.4791666666667 286.0
327.4375 285.0
327.375 284.0
354.0 335.5
327.1875 282.0
327.2916666666667 283.0
322.2291666666667 265.0
322.6875 266.0
326.75 279.0
416.0 336.0
417.0 337.0
193.0 225.0
192.0 224.0
190.0 222.0
191.0 223.0
194.0 226.0
197.0 229.0
196.0 228.0
195.0 227.0
210.0 242.0
209.0 241.0
158.2375 329.0
161.3 336.0
160.9 335.0
189.0 221.0
136.0 375.0
135.0 376.0
128.0 383.0
129.0 382.0
199.0 414.9375
200.0 415.0625
203.0 415.34375
207.0 415.5
204.0 415.40625
189.75 408.0
192.5625 413.0
188.77083333333334 406.0
168.85416666666669 346.0
166.41666666666669 343.0
165.5625 342.0
327.1875 389.0
327.0625 390.0
334.2708333333333 358.0
335.375 356.0
334.8125 357.0
331.875 363.0
334.8125 314.0
160.0625 333.0
160.4875 334.0
207.0 239.0
208.0 240.0
214.0 246.0
158.7125 330.0
159.175 331.0
251.0 247.5
237.0 247.5
166.0 303.0
166.9375 297.0
166.8125 298.0
166.525 300.0
166.675 299.0
164.3375 310.0
164.6125 309.0
165.3625 306.0
215.5 247.5
215.0 247.0
211.0 252.0
212.0 251.0
173.0 290.0
160.0 288.0
204.0 236.0
198.0 230.0
199.0 231.0
200.0 232.0
441.0 310.0
417.0 334.0
418.0 333.0
419.0 332.0
420.0 331.0
428.0 323.0
429.0 322.0
440.0 311.0
334.2708333333333 313.0
280.0 247.5
279.0 247.5
263.0 247.5
327.9375 294.0
327.8125 293.0
327.5 288.0
327.5208333333333 289.0
307.0 247.575
306.0 247.5375
304.0 247.5
305.0 247.5125
343.0 439.0
338.0 434.0
342.0 438.0
341.0 437.0
413.0 335.5
329.0 425.0
323.0 419.0
328.0 424.0
334.0 430.0
335.0 431.0
333.0 429.0
332.0 428.0
331.0 427.0
330.0 426.0
323.125 404.0
322.6875 405.0
326.125 395.0
326.3541666666667 394.0
326.75 392.0
326.5625 393.0
419.0 339.0
418.0 338.0
427.0 347.0
422.0 342.0
437.0 357.0
436.0 356.0
430.0 350.0
431.0 351.0
352.0 335.5
353.0 335.5
358.0 335.5
357.0 335.5
325.3125 273.0
325.875 275.0
325.6041666666667 274.0
326.3541666666667 277.0
326.5625 278.0
188.0 220.0
205.0 237.0
206.0 238.0
219.0 247.5
225.0 247.5
165.5875 305.0
165.8 304.0
240.0 247.5
230.0 247.5
163.1125 314.0
163.4375 313.0
236.0 247.5
233.0 247.5
148.0 276.0
248.0 247.5
351.5 335.5
351.0 335.0
187.0 219.0
217.0 415.5
216.0 415.5
177.25 359.0
182.0 425.0
198.0 414.796875
197.0 414.640625
194.0 414.078125
201.0 415.171875
202.0 415.265625
206.0 415.484375
205.0 415.453125
215.0 415.5
214.0 415.5
190.8125 410.0
190.27083333333334 409.0
131.0 380.0
132.0 379.0
188.3125 405.0
183.8125 389.0
183.9375 390.0
184.08333333333334 391.0
170.375 348.0
169.625 347.0
168.0625 345.0
167.25 344.0
163.79166666666669 340.0
164.6875 341.0
335.9583333333333 355.0
336.5625 354.0
336.5625 317.0
268.0 247.5
267.0 247.5
269.0 247.5
327.2916666666667 388.0
327.375 387.0
356.0 335.5
355.0 335.5
278.0 247.5
272.0 247.5
275.0 247.5
273.0 247.5
274.0 247.5
252.0 247.5
260.0 247.5
255.0 247.5
256.0 247.5
257.0 247.5
170.0 293.0
169.0 294.0
212.0 244.0
213.0 245.0
249.0 247.5
250.0 247.5
161.6875 318.0
160.4875 321.0
158.2375 326.0
160.0625 322.0
159.625 323.0
245.0 247.5
243.0 247.5
244.0 247.5
241.0 247.5
242.0 247.5
164.875 308.0
165.125 307.0
216.0 247.5
208.0 255.0
172.0 291.0
171.0 292.0
152.0 280.0
153.0 281.0
201.0 233.0
453.0 298.0
442.0 309.0
443.0 308.0
452.0 299.0
451.0 300.0
446.0 305.0
312.8541666666667 250.0
316.5 255.0
312.0625 249.0
311.25 248.0
311.1363636363636 247.86363636363637
422.0 329.0
421.0 330.0
431.0 320.0
430.0 321.0
439.0 312.0
437.0 314.0
438.0 313.0
333.75 312.0
271.0 247.5
270.0 247.5
264.0 247.5
281.0 247.5
282.0 247.5
285.0 247.5
293.0 247.5
298.0 247.5
297.0 247.5
296.0 247.5
290.0 247.5
301.0 247.5
303.0 247.5
302.0 247.5
321.0 417.0
322.0 418.0
383.0 335.5
410.0 335.5
344.0 440.0
345.0 441.0
407.0 335.5
340.0 436.0
339.0 435.0
415.0 335.5
414.0 335.5
408.0 335.5
409.0 335.5
325.0 421.0
324.0 420.0
397.0 335.5
398.0 335.5
399.0 335.5
400.0 335.5
396.0 335.5
313.0 414.796875
311.0 415.0625
312.0 414.9375
307.0 415.40625
308.0 415.34375
310.0 415.171875
309.0 415.265625
304.0 415.5
377.0 335.5
378.0 335.5
374.0 335.5
367.0 335.5
323.5416666666667 403.0
323.9375 402.0
324.6666666666667 400.0
324.3125 401.0
446.0 366.0
421.0 341.0
420.0 340.0
425.0 345.0
426.0 346.0
424.0 344.0
423.0 343.0
439.0 359.0
438.0 358.0
434.0 354.0
435.0 355.0
428.0 348.0
429.0 349.0
433.0 353.0
432.0 352.0
179.0 211.0
180.0 212.0
181.0 213.0
182.0 214.0
224.0 247.5
223.0 247.5
166.3625 301.0
166.1875 302.0
226.0 247.5
238.0 247.5
239.0 247.5
164.05 311.0
163.75 312.0
78.0 353.0
79.0 352.0
80.0 351.0
83.0 348.0
103.5 327.5
149.0 277.0
151.0 279.0
150.0 278.0
144.0 272.0
145.0 273.0
157.5 327.5
157.75 327.0
157.75 328.0
246.0 247.5
247.0 247.5
145.0 365.9375
146.0 364.8125
144.0 367.0
135.0 263.0
134.0 262.0
185.0 217.0
186.0 218.0
119.0 327.5
223.0 415.5
171.10416666666669 349.0
228.0 415.5
175.625 356.0
185.0 422.0
184.0 423.0
183.0 424.0
196.0 414.46875
195.0 414.28125
147.0 275.0
146.0 274.0
118.0 327.5
213.0 415.5
191.375 411.0
191.95833333333331 412.0
187.45833333333334 403.0
187.875 404.0
184.4375 393.0
184.25 392.0
183.70833333333334 388.0
157.0 348.3125
150.0 359.6875
154.0 353.5625
153.0 355.1875
179.125 363.0
178.6875 362.0
180.66666666666666 367.0
180.3125 366.0
226.0 415.5
227.0 415.5
277.0 415.5
331.0625 365.0
331.4583333333333 364.0
281.0 415.5
280.0 415.5
337.8333333333333 319.0
337.1875 318.0
335.9583333333333 316.0
335.375 315.0
276.0 247.5
277.0 247.5
254.0 247.5
253.0 247.5
258.0 247.5
259.0 247.5
162.425 316.0
162.0625 317.0
161.3 319.0
160.9 320.0
159.175 324.0
158.7125 325.0
218.0 247.5
217.0 247.5
175.0 288.0
174.0 289.0
157.0 285.0
154.0 282.0
202.0 234.0
203.0 235.0
459.0 292.0
460.0 291.0
454.0 297.0
458.0 293.0
455.0 296.0
449.0 302.0
450.0 301.0
448.0 303.0
447.0 304.0
427.0 324.0
412.0 335.5
411.0 335.5
314.375 252.0
313.625 251.0
315.1041666666667 253.0
315.8125 254.0
425.0 326.0
426.0 325.0
424.0 327.0
423.0 328.0
434.0 317.0
433.0 318.0
432.0 319.0
332.7708333333333 310.0
333.25 311.0
266.0 247.5
265.0 247.5
289.0 247.5
288.0 247.5
286.0 247.5
287.0 247.5
294.0 247.5
295.0 247.5
292.0 247.5
291.0 247.5
299.0 247.5
300.0 247.5
406.0 335.5
336.0 432.0
337.0 433.0
329.6875 369.0
330.0 368.0
315.0 414.46875
314.0 414.640625
306.0 415.453125
305.0 415.484375
379.0 335.5
382.0 335.5
368.0 335.5
371.0 335.5
376.0 335.5
375.0 335.5
324.6666666666667 271.0
325.0 272.0
458.0 378.0
454.0 374.0
455.0 375.0
447.0 367.0
440.0 360.0
443.0 363.0
176.0 208.0
178.0 210.0
177.0 209.0
184.0 216.0
183.0 215.0
222.0 247.5
229.0 247.5
232.0 247.5
231.0 247.5
234.0 247.5
235.0 247.5
77.0 354.0
81.0 350.0
82.0 349.0
73.0 297.0
72.0 296.0
136.0 264.0
103.0 327.0
102.0 326.0
100.0 324.0
101.0 325.0
348.125 339.0
351.0 336.0
185.6875 398.0
184.64583333333334 394.0
184.875 395.0
186.0 399.0
186.33333333333334 400.0
131.0 259.0
133.0 261.0
132.0 260.0
222.0 415.5
221.0 415.5
218.0 415.5
172.5 351.0
171.8125 350.0
175.04166666666669 355.0
174.4375 354.0
173.16666666666669 352.0
173.8125 353.0
229.0 415.5
177.75 360.0
178.22916666666666 361.0
237.0 415.5
169.0 438.0
168.0 439.0
165.0 442.0
180.0 427.0
181.0 426.0
170.0 437.0
171.0 436.0
179.0 428.0
175.0 432.0
176.0 431.0
186.0 421.0
193.0 414.0
192.0 415.0
110.0 327.5
116.0 327.5
117.0 327.5
212.0 415.5
183.5 383.0
183.47916666666666 382.0
183.29166666666666 379.0
183.1875 378.0
182.91666666666666 376.0
183.0625 377.0
182.125 372.0
182.35416666666666 373.0
182.75 375.0
182.5625 374.0
181.0 368.0
181.3125 369.0
181.875 371.0
181.60416666666666 370.0
183.5 384.0
183.52083333333334 385.0
155.0 351.875
156.0 350.125
183.5625 386.0
183.625 387.0
152.0 356.75
151.0 358.25
225.0 415.5
224.0 415.5
179.54166666666666 364.0
179.9375 365.0
242.0 415.5
243.0 415.5
282.0 415.5
332.7708333333333 361.0
332.3125 362.0
333.25 360.0
333.75 359.0
246.0 415.5
247.0 415.5
272.0 415.5
273.0 415.5
337.8333333333333 352.0
337.1875 353.0
256.0 415.5
255.0 415.5
338.5 320.0
339.1875 321.0
341.375 324.0
342.9375 326.0
342.1458333333333 325.0
210.0 253.0
209.0 254.0
159.0 287.0
158.0 286.0
156.0 284.0
155.0 283.0
463.0 288.0
457.0 294.0
456.0 295.0
445.0 306.0
444.0 307.0
324.0 235.0
325.0 234.0
327.0 232.0
326.0 233.0
328.0 231.0
329.0 230.0
308.0 247.625
309.0 247.6875
311.0 247.85
310.0 247.7625
283.0 247.5
284.0 247.5
384.0 335.5
351.0 447.0
350.0 446.0
348.0 444.0
349.0 445.0
347.0 443.0
346.0 442.0
395.0 335.5
394.0 335.5
393.0 335.5
401.0 335.5
402.0 335.5
403.0 335.5
291.0 415.5
290.0 415.5
329.3958333333333 370.0
329.125 371.0
328.4375 374.0
289.0 415.5
288.0 415.5
286.0 415.5
287.0 415.5
328.25 375.0
328.0833333333333 376.0
327.7083333333333 379.0
297.0 415.5
327.5 383.0
327.5208333333333 382.0
327.8125 378.0
327.9375 377.0
380.0 335.5
381.0 335.5
370.0 335.5
369.0 335.5
373.0 335.5
372.0 335.5
361.0 335.5
325.0 399.0
325.3125 398.0
460.0 380.0
459.0 379.0
452.0 372.0
453.0 373.0
457.0 377.0
456.0 376.0
448.0 368.0
442.0 362.0
441.0 361.0
445.0 365.0
444.0 364.0
220.0 247.5
221.0 247.5
227.0 247.5
228.0 247.5
76.0 355.0
84.0 347.0
77.0 301.0
99.0 323.0
128.0 256.0
68.0 292.0
69.0 293.0
107.0 327.5
104.0 327.5
143.0 271.0
142.0 270.0
140.0 268.0
141.0 269.0
137.0 265.0
185.125 396.0
185.39583333333334 397.0
147.0 363.625
187.0625 402.0
186.6875 401.0
220.0 415.5
219.0 415.5
238.0 415.5
239.0 415.5
230.0 415.5
234.0 415.5
176.72916666666666 358.0
176.1875 357.0
233.0 415.5
235.0 415.5
236.0 415.5
167.0 440.0
166.0 441.0
174.0 433.0
177.0 430.0
178.0 429.0
188.0 419.0
187.0 420.0
191.0 416.0
189.0 418.0
190.0 417.0
115.0 327.5
114.0 327.5
111.0 327.5
183.375 380.0
183.4375 381.0
208.0 415.5
209.0 415.5
159.0 344.5
158.0 346.4375
283.0 415.5
284.0 415.5
285.0 415.5
279.0 415.5
278.0 415.5
244.0 415.5
245.0 415.5
250.0 415.5
251.0 415.5
252.0 415.5
249.0 415.5
248.0 415.5
276.0 415.5
349.0625 338.0
350.0208333333333 337.0
259.0 415.5
346.3125 330.0
345.4375 329.0
343.75 327.0
344.5833333333333 328.0
347.2083333333333 331.0
348.125 332.0
350.0208333333333 334.0
349.0625 333.0
339.8958333333333 322.0
340.625 323.0
316.0 243.0
317.0 242.0
342.0 217.0
334.0 225.0
335.0 224.0
337.0 222.0
336.0 223.0
338.0 221.0
339.0 220.0
330.0 229.0
333.0 226.0
436.0 315.0
435.0 316.0
386.0 335.5
385.0 335.5
326.0 422.0
327.0 423.0
392.0 335.5
391.0 335.5
390.0 335.5
315.0 244.0
314.0 245.0
405.0 335.5
404.0 335.5
328.875 372.0
328.6458333333333 373.0
330.6875 366.0
330.3333333333333 367.0
327.5625 381.0
327.625 380.0
362.0 335.5
363.0 335.5
366.0 335.5
359.0 335.5
360.0 335.5
463.0 383.0
461.0 381.0
462.0 382.0
449.0 369.0
86.0 345.0
85.0 346.0
96.0 335.0
82.0 306.0
74.0 298.0
76.0 300.0
75.0 299.0
96.0 320.0
130.0 258.0
129.0 257.0
67.0 291.0
71.0 295.0
70.0 294.0
109.0 327.5
108.0 327.5
106.0 327.5
105.0 327.5
139.0 267.0
138.0 266.0
149.0 361.0625
148.0 362.375
140.0 371.0
241.0 415.5
240.0 415.5
231.0 415.5
232.0 415.5
164.0 443.0
163.0 444.0
172.0 435.0
173.0 434.0
113.0 327.5
112.0 327.5
211.0 415.5
210.0 415.5
254.0 415.5
253.0 415.5
271.0 415.5
270.0 415.5
267.0 415.5
261.0 415.5
260.0 415.5
261.0 247.5
262.0 247.5
141.0 370.0
124.0 327.5
125.0 327.5
461.0 290.0
462.0 289.0
319.0 240.0
318.0 241.0
320.0 239.0
321.0 238.0
346.0 213.0
347.0 212.0
348.0 211.0
343.0 216.0
345.0 214.0
344.0 215.0
340.0 219.0
341.0 218.0
331.0 228.0
332.0 227.0
312.0 247.0
313.0 246.0
389.0 335.5
292.0 415.5
296.0 415.5
295.0 415.5
293.0 415.5
294.0 415.5
303.0 415.5
300.0 415.5
364.0 335.5
365.0 335.5
451.0 371.0
450.0 370.0
75.0 356.0
74.0 357.0
97.0 334.0
99.0 332.0
98.0 333.0
87.0 344.0
91.0 340.0
90.0 341.0
103.0 328.0
102.0 329.0
100.0 331.0
101.0 330.0
81.0 305.0
87.0 311.0
86.0 310.0
83.0 307.0
98.0 322.0
97.0 321.0
88.0 312.0
89.0 313.0
91.0 315.0
90.0 314.0
95.0 319.0
94.0 318.0
92.0 316.0
93.0 317.0
66.0 290.0
343.75 344.0
262.0 415.5
266.0 415.5
265.0 415.5
347.2083333333333 340.0
346.3125 341.0
139.0 372.0
120.0 327.5
121.0 327.5
160.0 447.0
162.0 445.0
161.0 446.0
274.0 415.5
275.0 415.5
269.0 415.5
268.0 415.5
257.0 415.5
258.0 415.5
127.0 327.5
126.0 327.5
143.0 368.0
142.0 369.0
323.0 236.0
322.0 237.0
349.0 210.0
387.0 335.5
388.0 335.5
301.0 415.5
302.0 415.5
298.0 415.5
299.0 415.5
325.875 396.0
325.6041666666667 397.0
73.0 358.0
72.0 359.0
71.0 360.0
89.0 342.0
88.0 343.0
94.0 337.0
95.0 336.0
93.0 338.0
92.0 339.0
80.0 304.0
85.0 309.0
84.0 308.0
64.0 288.0
65.0 289.0
342.9375 345.0
264.0 415.5
263.0 415.5
344.5833333333333 343.0
345.4375 342.0
338.5 351.0
339.1875 350.0
137.0 374.0
138.0 373.0
123.0 327.5
122.0 327.5
340.625 348.0
339.8958333333333 349.0
70.0 361.0
78.0 302.0
79.0 303.0
341.375 347.0
342.1458333333333 346.0
351.0 208.0
350.0 209.0
69.0 362.0
68.0 363.0
67.0 364.0
64.0 367.0
66.0 365.0
65.0 366.0
1014
45 46 1.5102088069573463
44 46 1.4813038638856653
11 43 1.4261216657177065
43 44 1.4532846813634512
65 67 2.6516353273360647
66 67 2.612615888491329
79 80 3.0999320135173614
80 81 3.058307495392617
89 90 1.5707963267948966
99 100 1.5707963267948966
42 99 1.5707963267948966
36 114 2.214297435588181
105 106 1.5707963267948966
36 116 2.2479077166182644
127 128 2.3378513587088805
49 127 2.3167717703950186
103 128 2.359121495335445
54 55 1.5707963267948966
50 55 1.5707963267948966
47 48 1.3742484202828782
11 48 1.3997857394384874
52 53 1.5721861806364883
47 52 1.372852534012556
49 133 2.2958848013239117
138 140 2.8683063286076194
51 137 2.9175347287378175
137 138 2.89288266449627
51 52 2.9189063647991205
144 145 1.5833747773003113
50 144 1.5833747773003113
131 145 1.5707963267948966
146 147 1.5707963267948966
129 130 1.5707963267948966
45 149 1.5400295232337062
100 130 1.5707963267948966
154 161 1.5707963267948966
126 162 2.1487471467800305
56 57 2.4240513130486487
14 56 2.46082877630598
5 6 1.9947116012801365
8 86 2.247907716618266
8 9 2.214297435588181
194 195 1.5707963267948966
90 195 1.5707963267948966
198 199 1.5707963267948966
200 201 1.5707963267948966
202 203 3.141592653589793
83 203 3.141592653589793
38 39 3.0999320135173614
39 41 3.058307495392617
68 69 2.8519676571119157
69 88 2.81129529876054
68 84 2.89288266449627
204 205 3.141592653589793
120 121 2.89288266449627
207 208 2.612615888491329
1 207 2.6516353273360647
206 208 2.5740044351731384
209 210 2.730801875210259
1 209 2.6910390951616834
88 210 2.7708967535984037
91 92 1.5707963267948966
95 98 1.5707963267948966
97 98 1.5707963267948966
91 95 1.5707963267948966
93 94 1.5707963267948966
92 94 1.5707963267948966
104 211 1.5707963267948966
211 228 1.5707963267948966
93 104 1.5707963267948966
35 37 1.5707963267948966
242 243 2.148747146780029
114 243 2.181242594382739
35 106 1.5707963267948966
244 245 1.5707963267948966
37 245 1.5707963267948966
116 246 2.282068095396416
102 103 2.3805798993650638
262 263 2.975310189812911
120 262 2.9340079726757082
41 263 3.0167550335978786
264 265 3.141592653589793
205 264 3.141592653589793
83 265 3.141592653589793
82 85 2.975310189812911
84 85 2.9340079726757082
81 82 3.0167550335978786
134 271 3.141592653589793
273 274 3.141592653589793
276 277 1.5707963267948966
53 277 1.5707963267948966
54 147 1.5707963267948966
278 279 1.5707963267948966
42 278 1.5707963267948966
131 279 1.5707963267948966
280 281 3.141592653589793
101 132 2.2546959807503173
134 281 3.141592653589793
132 133 2.275192316726524
283 285 2.3378513587088805
285 286 2.3167717703950186
290 291 3.141592653589793
288 291 3.141592653589793
144 294 3.1290928163463834
296 297 1.5707963267948966
276 297 1.5707963267948966
212 213 1.5707963267948966
129 213 1.5707963267948966
150 212 1.5707963267948966
298 299 1.5707963267948966
152 153 1.5707963267948966
153 300 1.5707963267948966
302 303 1.5707963267948966
154 302 1.5707963267948966
301 304 1.5707963267948966
304 305 1.5707963267948966
307 309 1.802314762236519
309 310 1.776959543840297
161 316 1.5707963267948966
317 318 1.5707963267948966
316 318 1.5707963267948966
162 319 2.1812425943827405
164 266 3.141592653589793
58 59 2.5358229168398503
58 66 2.5740044351731384
14 59 2.4980915447965097
62 64 2.730801875210259
64 65 2.6910390951616834
62 63 2.7708967535984037
327 328 3.141592653589793
15 166 2.8519676571119157
15 63 2.81129529876054
166 167 2.89288266449627
328 329 3.141592653589793
16 70 2.975310189812911
16 167 2.9340079726757082
71 169 3.058307495392617
70 71 3.0167550335978786
168 169 3.0999320135173614
332 333 3.141592653589793
331 333 3.141592653589793
72 75 1.5707963267948966
334 335 1.5707963267948966
72 334 1.5707963267948966
345 346 3.141592653589793
340 345 3.141592653589793
338 339 1.5707963267948966
174 338 1.5707963267948966
350 351 3.141592653589793
349 350 3.141592653589793
182 183 1.5707963267948966
182 184 1.5707963267948966
185 186 1.5707963267948966
349 353 3.141592653589793
186 187 1.5707963267948966
184 185 1.5707963267948966
6 17 2.0243940229026682
2 3 2.1487471467800305
3 9 2.1812425943827405
362 363 3.141592653589793
20 22 2.1487471467800305
21 22 2.116813732968318
27 29 2.4240513130486487
86 87 2.282068095396417
371 372 1.5707963267948966
197 371 1.5707963267948966
194 372 1.5707963267948966
373 374 1.5707963267948966
196 374 1.5707963267948966
375 376 1.5707963267948966
373 375 1.5707963267948966
197 376 1.5707963267948966
377 378 1.5707963267948966
198 378 1.5707963267948966
379 380 1.5707963267948966
199 380 1.5707963267948966
381 382 1.5707963267948966
196 381 1.5707963267948966
200 382 1.5707963267948966
383 384 1.5707963267948966
379 383 1.5707963267948966
201 384 1.5707963267948966
389 390 3.141592653589793
215 389 3.141592653589793
136 217 2.746801533890032
216 217 2.722821867682802
215 393 3.141592653589793
143 216 2.698963768894211
12 220 2.490600943116837
220 221 2.5131288554211166
398 399 1.5707963267948966
399 400 1.5707963267948966
224 403 1.5707963267948966
96 151 1.5707963267948966
96 97 1.5707963267948966
151 152 1.5707963267948966
404 405 1.5707963267948966
298 404 1.5707963267948966
403 405 1.5707963267948966
406 407 1.5707963267948966
101 410 2.2343972613742498
225 280 3.141592653589793
411 412 3.141592653589793
225 412 3.141592653589793
284 409 2.2343972613742498
408 410 2.2243224142846167
408 409 2.2243224142846167
386 387 1.5707963267948966
416 417 1.5707963267948966
387 388 1.5707963267948966
418 419 1.5707963267948966
228 419 1.5707963267948966
426 427 1.5707963267948966
425 426 1.5707963267948966
232 427 1.5707963267948966
107 108 1.5707963267948966
34 108 1.5707963267948966
34 244 1.5707963267948966
430 431 1.5707963267948966
224 430 1.5707963267948966
407 431 1.5707963267948966
420 432 3.141592653589793
434 435 2.085443756737074
242 434 2.116813732968318
115 435 2.0546374641637066
436 437 2.3520104141902696
246 437 2.3167717703950186
443 444 1.1033099650570937
247 248 2.89288266449627
456 457 1.9947116012801365
258 457 2.0243940229026682
267 269 3.141592653589793
269 270 3.141592653589793
458 459 2.085443756737075
258 458 2.0546374641637075
126 459 2.116813732968318
268 270 3.141592653589793
460 461 3.141592653589793
268 460 3.141592653589793
266 461 3.141592653589793
462 463 3.141592653589793
273 462 3.141592653589793
271 463 3.141592653589793
466 467 2.446058677875763
135 222 3.141592653589793
12 466 2.4682430148163395
282 467 2.4240513130486487
135 394 3.141592653589793
468 469 2.3805798993650638
282 468 2.402224075999191
283 469 2.359121495335445
218 395 3.141592653589793
394 395 3.141592653589793
218 290 3.141592653589793
470 471 2.275192316726524
286 470 2.2958848013239117
287 289 3.141592653589793
284 471 2.2546959807503173
288 289 3.141592653589793
287 411 3.141592653589793
472 473 3.141592653589793
214 472 3.141592653589793
294 473 3.141592653589793
295 474 3.1415926325163688
148 475 1.5707963267948966
148 296 1.5707963267948966
474 475 1.5707963267948966
478 479 1.5707963267948966
300 478 1.5707963267948966
150 479 1.5707963267948966
299 477 1.5707963267948966
480 481 1.5707963267948966
301 482 1.5707963267948966
480 483 1.5707963267948966
482 484 1.5707963267948966
485 486 1.5707963267948966
305 486 1.5707963267948966
487 488 1.5707963267948966
485 487 1.5707963267948966
306 488 1.5707963267948966
307 493 1.8281893293509257
501 502 1.5707963267948966
500 501 1.5707963267948966
503 504 2.247907716618266
0 503 2.282068095396417
319 504 2.214297435588181
163 323 3.141592653589793
323 324 3.141592653589793
163 164 3.141592653589793
507 508 3.141592653589793
330 507 3.141592653589793
509 510 3.141592653589793
325 509 3.141592653589793
508 510 3.141592653589793
60 61 2.3520104141902713
57 61 2.387774112940152
0 60 2.3167717703950186
511 512 3.141592653589793
326 511 3.141592653589793
329 512 3.141592653589793
513 514 3.141592653589793
326 513 3.141592653589793
330 514 3.141592653589793
515 516 3.141592653589793
327 515 3.141592653589793
331 516 3.141592653589793
492 493 1.8545904360032244
343 344 3.141592653589793
73 343 3.1311760811116685
73 89 1.5812674353077116
178 490 3.141592653589793
178 344 3.141592653589793
337 491 3.141592653589793
490 491 3.141592653589793
337 346 3.141592653589793
340 517 3.141592653589793
174 176 1.5707963267948966
179 187 1.5707963267948966
183 518 1.5707963267948966
351 352 3.141592653589793
4 18 2.085443756737075
363 526 3.141592653589793
2 4 2.116813732968318
17 18 2.0546374641637075
336 527 3.141592653589793
75 76 1.5707963267948966
26 28 2.3520104141902713
28 29 2.387774112940152
26 87 2.3167717703950186
530 531 3.141592653589793
362 530 3.141592653589793
364 531 3.141592653589793
7 19 2.214297435588181
19 20 2.1812425943827405
7 74 2.247907716618266
532 533 2.4980915447965097
365 528 3.141592653589793
27 532 2.46082877630598
206 533 2.5358229168398503
535 536 1.5707963267948966
370 537 1.5707963267948966
377 538 1.5707963267948966
543 544 1.5707963267948966
418 543 1.5707963267948966
388 544 1.5707963267948966
390 545 3.141592653589793
136 392 2.7708967535984037
219 546 3.141592653589793
141 142 2.60486023177798
547 548 3.141592653589793
396 397 2.558679064634059
223 547 3.141592653589793
219 548 3.141592653589793
221 397 2.5358229168398503
141 396 2.5816930085422114
549 550 3.141592653589793
223 549 3.141592653589793
222 550 3.141592653589793
398 551 1.5707963267948966
552 553 1.5707963267948966
400 552 1.5707963267948966
401 553 1.5707963267948966
554 555 1.5707963267948966
416 556 1.5707963267948966
557 558 1.5707963267948966
226 227 1.5812674353077116
226 562 1.5812674353077116
566 567 2.4980915447965084
563 566 2.5358229168398503
413 415 1.5102088069573463
385 541 1.5707963267948966
385 386 1.5707963267948966
540 542 1.5707963267948966
541 542 1.5707963267948966
569 570 1.5707963267948966
417 569 1.5707963267948966
568 570 1.5707963267948966
559 560 1.5707963267948966
558 560 1.5707963267948966
576 577 2.0546374641637066
423 580 3.141592653589793
445 446 2.3167717703950186
446 582 2.282068095396416
584 585 1.5707963267948966
587 588 1.5707963267948966
232 588 1.5707963267948966
589 590 1.5707963267948966
584 589 1.5707963267948966
587 591 1.5707963267948966
592 593 1.5707963267948966
425 594 1.5707963267948966
595 596 1.5707963267948966
33 115 2.027854975537121
33 595 1.5971558319404704
598 599 3.141592653589793
432 599 3.141592653589793
603 604 2.934007972675707
433 600 3.141592653589793
605 606 2.8519676571119152
240 241 3.141592653589793
604 606 2.89288266449627
241 433 3.141592653589793
607 608 2.6910390951616825
609 610 2.7708967535984037
605 609 2.8112952987605393
229 230 3.141592653589793
608 610 2.730801875210258
230 240 3.141592653589793
229 573 3.141592653589793
611 612 2.5358229168398503
421 571 3.141592653589793
613 614 2.612615888491328
607 613 2.6516353273360647
612 614 2.574004435173137
571 572 3.141592653589793
443 617 1.0699101475721928
247 440 2.934007972675707
619 620 3.0167550335978786
441 618 1.008331922958306
440 620 2.9753101898129097
617 618 1.038292228493046
621 622 1.176005207095135
444 621 1.1386263822013238
442 622 1.215603992227921
249 439 2.8112952987605393
248 249 2.8519676571119152
438 439 2.7708967535984037
623 624 3.141592653589793
447 448 2.460828776305979
421 624 3.141592653589793
447 611 2.4980915447965084
625 626 2.387774112940151
449 450 3.141592653589793
445 625 2.3520104141902696
448 626 2.4240513130486487
423 450 3.141592653589793
449 623 3.141592653589793
627 628 3.141592653589793
250 422 1.8815248344979632
630 631 2.282068095396417
454 629 3.141592653589793
122 124 2.1487471467800305
632 633 2.214297435588181
630 632 2.247907716618266
122 633 2.1812425943827405
454 455 3.141592653589793
634 635 3.141592653589793
252 253 1.776959543840297
638 639 1.9947116012801365
636 637 3.141592653589793
640 641 3.141592653589793
642 643 1.9370179613198648
456 642 1.9655874464946592
320 321 3.141592653589793
267 320 3.141592653589793
645 646 1.802314762236519
644 646 1.8281893293509257
505 506 3.141592653589793
260 505 3.141592653589793
647 648 1.5707963267948966
146 647 1.5707963267948966
295 648 1.5707963267948966
649 650 1.5707963267948966
149 649 1.5707963267948966
476 650 1.5707963267948966
651 652 1.5707963267948966
476 651 1.5707963267948966
477 652 1.5707963267948966
654 655 1.5707963267948966
483 654 1.5707963267948966
484 655 1.5707963267948966
656 657 1.5707963267948966
306 656 1.5707963267948966
303 657 1.5707963267948966
658 659 1.5707963267948966
660 661 1.5707963267948966
659 661 1.5707963267948966
156 157 1.5707963267948966
662 663 1.5707963267948966
660 662 1.5707963267948966
5 308 1.9655874464946592
172 332 3.141592653589793
170 171 3.066627780206471
171 173 3.091603066351955
310 311 1.7735418391674949
79 168 3.141592653589793
172 173 3.116593955551066
311 666 2.9636545432301076
170 664 3.0416758621459077
664 665 3.0167550335978786
665 667 2.991872958168259
308 495 1.9370179613198648
494 495 1.9089987787976517
492 494 1.8815248344979638
666 667 2.9670372276908705
668 669 3.141592653589793
324 668 3.141592653589793
325 669 3.141592653589793
336 670 3.141592653589793
671 672 1.5707963267948966
673 674 1.5707963267948966
672 674 1.5707963267948966
675 676 1.5707963267948966
673 675 1.5707963267948966
339 676 1.5707963267948966
677 678 3.141592653589793
353 677 3.141592653589793
678 679 3.141592653589793
680 681 3.141592653589793
352 680 3.141592653589793
175 519 1.5707963267948966
518 519 1.5707963267948966
681 682 3.141592653589793
175 342 1.5707963267948966
685 686 2.612615888491329
683 684 3.141592653589793
688 689 3.141592653589793
684 688 3.141592653589793
520 521 2.5358229168398503
520 685 2.5740044351731384
700 701 3.141592653589793
526 700 3.141592653589793
527 701 3.141592653589793
77 78 2.0546374641637075
21 77 2.085443756737075
25 78 2.027854975537121
25 76 1.5971558319404704
702 703 3.141592653589793
529 702 3.141592653589793
528 703 3.141592653589793
367 369 2.4240513130486487
366 367 2.387774112940152
368 369 2.46082877630598
704 705 3.141592653589793
364 704 3.141592653589793
529 705 3.141592653589793
188 189 2.3167717703950186
74 189 2.282068095396417
188 366 2.3520104141902713
368 707 2.4980915447965097
709 710 1.5707963267948966
534 710 1.5707963267948966
711 712 1.5707963267948966
535 712 1.5707963267948966
713 714 1.5707963267948966
534 713 1.5707963267948966
536 714 1.5707963267948966
537 715 1.5707963267948966
716 717 1.5707963267948966
539 716 1.5707963267948966
538 717 1.5707963267948966
718 719 1.5707963267948966
370 718 1.5707963267948966
539 719 1.5707963267948966
720 721 3.141592653589793
214 720 3.141592653589793
545 721 3.141592653589793
139 391 2.8194088445146326
139 140 2.8438127583707993
391 392 2.7951013206850637
722 723 3.141592653589793
393 722 3.141592653589793
292 293 2.6516353273360647
546 723 3.141592653589793
143 293 2.6752330522961603
142 292 2.6281759927230217
551 724 1.5707963267948966
401 725 1.5707963267948966
559 727 1.5707963267948966
729 730 1.5707963267948966
402 557 1.5833747773003113
402 732 3.1290928163463834
733 734 1.5707963267948966
406 733 1.5707963267948966
735 736 1.5707963267948966
734 736 1.5707963267948966
556 737 1.5707963267948966
563 739 2.574004435173137
413 414 1.4532846813634512
414 740 1.3997857394384874
738 739 2.612615888491328
741 742 2.4240513130486487
436 741 2.387774112940151
567 742 2.460828776305979
743 744 3.141592653589793
572 743 3.141592653589793
573 744 3.141592653589793
574 575 1.9370179613198648
422 575 1.9089987787976508
745 746 3.141592653589793
578 579 1.9947116012801356
583 745 3.141592653589793
577 579 2.0243940229026682
574 578 1.9655874464946583
580 747 3.141592653589793
424 576 2.085443756737074
424 750 2.116813732968318
748 751 3.141592653589793
749 750 2.148747146780029
752 753 3.141592653589793
748 752 3.141592653589793
583 753 3.141592653589793
754 755 1.5707963267948966
585 754 1.5707963267948966
586 755 1.5707963267948966
592 756 1.5707963267948966
757 758 1.5707963267948966
593 757 1.5707963267948966
591 758 1.5707963267948966
759 760 1.5707963267948966
594 760 1.5707963267948966
596 761 1.5707963267948966
762 763 1.5707963267948966
759 762 1.5707963267948966
761 763 1.5707963267948966
764 765 3.141592653589793
598 764 3.141592653589793
597 766 3.141592653589793
769 770 3.141592653589793
601 602 3.0999320135173587
112 769 3.141592653589793
112 238 3.1103451963488395
109 110 2.89288266449627
110 236 2.9237087396100616
564 565 2.6910390951616825
565 738 2.6516353273360647
428 429 2.7708967535984037
235 429 2.740795545938036
236 237 2.954639091272614
111 237 2.985659385926709
33 235 2.714319653304998
233 234 2.8315991697419114
234 428 2.8011688030188444
238 239 3.079112986729257
113 239 3.0479112277578535
111 113 3.0167550335978786
615 616 3.0999320135173587
616 619 3.058307495392617
109 233 2.8621749050114658
438 564 2.730801875210258
601 615 3.141592653589793
771 772 0.9529348389474134
767 768 3.0167550335978786
602 768 3.058307495392617
30 771 0.8764936626555766
10 30 1.6401218754643434
10 254 1.6576981175779584
119 255 1.703932654346544
118 119 1.7277765320695606
254 255 1.6805760519832045
118 253 1.752116101196387
117 251 1.828189329350925
117 252 1.8023147622365183
250 251 1.8545904360032244
231 749 2.181242594382739
231 581 2.214297435588181
581 582 2.2479077166182644
603 767 2.9753101898129097
441 772 0.9799146525074567
629 773 3.141592653589793
125 453 2.3520104141902713
125 631 2.3167717703950186
452 453 2.387774112940152
774 775 3.141592653589793
773 774 3.141592653589793
776 777 3.141592653589793
455 776 3.141592653589793
451 777 3.141592653589793
778 779 3.141592653589793
628 778 3.141592653589793
634 779 3.141592653589793
780 781 3.141592653589793
781 782 3.141592653589793
783 784 3.141592653589793
780 783 3.141592653589793
635 784 3.141592653589793
451 785 3.141592653589793
123 124 2.116813732968318
791 792 1.7521161011963877
645 791 1.776959543840297
165 322 3.141592653589793
322 506 3.141592653589793
793 794 1.657698117577959
272 465 3.141592653589793
795 796 1.6133430988430197
227 795 1.5918481808583482
275 464 3.141592653589793
794 796 1.6352900916654045
274 275 3.141592653589793
464 465 3.141592653589793
797 798 1.8815248344979638
643 797 1.9089987787976517
259 261 3.141592653589793
644 798 1.8545904360032244
202 226 3.1311760811116685
790 792 1.7277765320695613
789 790 1.703932654346544
789 793 1.6805760519832051
261 321 3.141592653589793
259 260 3.141592653589793
799 800 1.5707963267948966
312 499 1.5707963267948966
158 313 1.5707963267948966
157 158 1.5707963267948966
312 313 1.5707963267948966
802 803 1.5707963267948966
804 805 1.5707963267948966
803 805 1.5707963267948966
13 155 1.5707963267948966
155 156 1.5707963267948966
13 73 1.5812674353077116
806 807 1.5707963267948966
804 806 1.5707963267948966
663 808 1.5707963267948966
802 809 1.5707963267948966
810 811 1.5707963267948966
317 810 1.5707963267948966
500 811 1.5707963267948966
812 813 3.141592653589793
670 813 3.141592653589793
816 817 3.141592653589793
679 816 3.141592653589793
181 815 1.5707963267948966
179 181 1.5707963267948966
817 818 3.141592653589793
814 815 1.5707963267948966
819 820 1.5707963267948966
799 819 1.5707963267948966
821 822 3.141592653589793
517 821 3.141592653589793
177 341 1.5707963267948966
682 822 3.141592653589793
176 177 1.5707963267948966
341 342 1.5707963267948966
692 693 2.81129529876054
693 699 2.8519676571119157
687 692 2.7708967535984037
825 826 2.46082877630598
690 691 3.141592653589793
452 825 2.4240513130486487
521 826 2.4980915447965097
690 775 3.141592653589793
689 691 3.141592653589793
829 830 3.141592653589793
706 829 3.141592653589793
190 191 2.6910390951616834
191 193 2.730801875210259
365 831 3.141592653589793
707 708 2.5358229168398503
832 833 3.141592653589793
40 192 2.81129529876054
204 832 3.141592653589793
706 833 3.141592653589793
40 121 2.8519676571119157
192 193 2.7708967535984037
835 836 1.5707963267948966
709 835 1.5707963267948966
834 836 1.5707963267948966
715 837 1.5707963267948966
838 839 1.5707963267948966
725 839 1.5707963267948966
554 842 1.5707963267948966
843 844 1.5707963267948966
726 843 1.5707963267948966
842 844 1.5707963267948966
846 847 1.5707963267948966
568 846 1.5707963267948966
728 847 1.5707963267948966
729 848 1.5707963267948966
849 850 1.5707963267948966
555 849 1.5707963267948966
730 850 1.5707963267948966
851 852 3.141592653589793
597 851 3.141592653589793
731 852 3.141592653589793
853 854 3.141592653589793
731 853 3.141592653589793
732 854 3.141592653589793
855 856 1.5707963267948966
735 855 1.5707963267948966
737 856 1.5707963267948966
857 858 1.3021534428889594
442 857 1.257592572830866
740 858 1.3494818844471053
860 861 3.141592653589793
627 860 3.141592653589793
746 861 3.141592653589793
862 863 3.141592653589793
747 862 3.141592653589793
751 863 3.141592653589793
864 865 1.5707963267948966
586 864 1.5707963267948966
866 867 1.5707963267948966
590 866 1.5707963267948966
756 867 1.5707963267948966
868 869 3.141592653589793
765 868 3.141592653589793
766 869 3.141592653589793
870 871 3.141592653589793
600 870 3.141592653589793
770 871 3.141592653589793
872 873 3.141592653589793
641 872 3.141592653589793
782 873 3.141592653589793
31 32 2.4240513130486487
31 102 2.402224075999191
30 32 2.428820305500392
256 257 2.0546374641637075
257 639 2.0243940229026682
123 256 2.085443756737075
879 880 3.141592653589793
272 879 3.141592653589793
165 880 3.141592653589793
859 881 1.5707963267948966
882 883 3.141592653589793
884 885 1.5707963267948966
481 884 1.5707963267948966
653 885 1.5707963267948966
886 887 1.5707963267948966
800 887 1.5707963267948966
888 889 1.5707963267948966
886 888 1.5707963267948966
489 497 1.5707963267948966
159 489 1.5707963267948966
891 892 1.5707963267948966
890 891 1.5707963267948966
801 893 1.5707963267948966
894 895 1.5707963267948966
890 894 1.5707963267948966
893 895 1.5707963267948966
496 498 1.5707963267948966
496 497 1.5707963267948966
498 499 1.5707963267948966
896 897 1.5707963267948966
807 896 1.5707963267948966
801 897 1.5707963267948966
898 899 1.5707963267948966
808 898 1.5707963267948966
809 899 1.5707963267948966
900 901 1.5707963267948966
311 900 1.57421123525773
820 901 1.5707963267948966
818 902 3.141592653589793
347 814 1.5707963267948966
823 824 2.6910390951616834
683 903 3.141592653589793
686 823 2.6516353273360647
687 824 2.730801875210259
904 905 3.141592653589793
695 904 3.141592653589793
906 907 3.141592653589793
903 906 3.141592653589793
905 907 3.141592653589793
910 911 3.141592653589793
830 910 3.141592653589793
831 911 3.141592653589793
912 913 1.5707963267948966
837 913 1.5707963267948966
711 912 1.5707963267948966
314 502 1.5707963267948966
159 160 1.5707963267948966
160 315 1.5707963267948966
314 315 1.5707963267948966
914 915 1.5707963267948966
724 914 1.5707963267948966
840 916 1.5707963267948966
917 918 1.5707963267948966
916 918 1.5707963267948966
838 919 1.5707963267948966
920 921 1.5707963267948966
922 923 1.5707963267948966
402 922 1.5833747773003113
924 925 1.5707963267948966
917 924 1.5707963267948966
923 925 1.5707963267948966
841 926 1.5707963267948966
927 928 1.5707963267948966
841 929 1.5707963267948966
930 931 1.5707963267948966
727 930 1.5707963267948966
845 931 1.5707963267948966
927 932 1.5707963267948966
932 933 1.5707963267948966
934 935 1.5707963267948966
933 935 1.5707963267948966
936 937 1.5707963267948966
845 936 1.5707963267948966
938 939 1.5707963267948966
934 938 1.5707963267948966
937 939 1.5707963267948966
848 940 1.5707963267948966
945 946 1.6805760519832051
561 945 1.657698117577959
877 878 3.141592653589793
788 878 3.141592653589793
859 947 1.5707963267948966
948 949 3.141592653589793
420 948 3.141592653589793
951 952 1.5707963267948966
865 951 1.5707963267948966
950 952 1.5707963267948966
953 954 3.141592653589793
785 954 3.141592653589793
637 953 3.141592653589793
943 944 3.141592653589793
874 875 3.141592653589793
524 525 3.079112986729257
522 523 2.8011688030188444
361 525 3.1103451963488395
359 360 2.954639091272614
357 358 3.0167550335978786
355 356 2.89288266449627
354 523 2.8315991697419114
877 942 3.141592653589793
361 908 3.141592653589793
358 360 2.985659385926709
354 356 2.8621749050114658
180 348 1.5707963267948966
636 874 3.141592653589793
355 359 2.9237087396100616
180 335 1.5707963267948966
876 943 3.141592653589793
23 24 2.740795545938036
357 524 3.0479112277578535
24 25 2.714319653304998
347 348 1.5707963267948966
23 522 2.7708967535984037
955 956 3.141592653589793
875 955 3.141592653589793
876 956 3.141592653589793
957 958 3.141592653589793
640 957 3.141592653589793
788 958 3.141592653589793
786 787 1.6133430988430197
562 787 1.5918481808583482
561 786 1.6352900916654045
959 960 3.141592653589793
408 959 2.4350326714650525
883 960 3.141592653589793
961 962 1.5707963267948966
415 961 1.5707963267948966
881 962 1.5707963267948966
963 964 1.5707963267948966
658 963 1.5707963267948966
889 964 1.5707963267948966
892 965 1.5707963267948966
966 967 3.141592653589793
812 966 3.141592653589793
902 967 3.141592653589793
968 969 3.141592653589793
909 968 3.141592653589793
908 969 3.141592653589793
697 827 3.058307495392617
827 828 3.0167550335978786
696 697 3.0999320135173614
970 971 3.141592653589793
695 970 3.141592653589793
909 971 3.141592653589793
694 698 2.9340079726757082
698 699 2.89288266449627
694 828 2.975310189812911
972 973 2.612615888491329
190 972 2.6516353273360647
708 973 2.5740044351731384
38 696 3.141592653589793
974 975 1.5707963267948966
915 974 1.5707963267948966
975 976 1.5707963267948966
977 978 1.5707963267948966
921 977 1.5707963267948966
919 978 1.5707963267948966
979 980 1.5707963267948966
840 980 1.5707963267948966
981 982 1.5707963267948966
979 981 1.5707963267948966
920 982 1.5707963267948966
926 983 1.5707963267948966
984 985 1.5707963267948966
928 984 1.5707963267948966
929 985 1.5707963267948966
986 987 1.5707963267948966
940 987 1.5707963267948966
944 989 3.141592653589793
989 990 3.141592653589793
941 988 1.776959543840297
942 990 3.141592653589793
991 992 1.7277765320695613
941 991 1.7521161011963877
946 992 1.703932654346544
993 994 1.9370179613198648
638 993 1.9655874464946592
995 996 1.5707963267948966
105 995 1.5707963267948966
947 996 1.5707963267948966
997 998 3.141592653589793
882 997 3.141592653589793
949 998 3.141592653589793
999 1000 1.8815248344979638
994 1000 1.9089987787976517
976 1001 1.5707963267948966
1002 1003 1.5707963267948966
726 1002 1.5707963267948966
983 1003 1.5707963267948966
1004 1005 1.8281893293509257
999 1004 1.8545904360032244
988 1005 1.802314762236519
1006 1007 1.5707963267948966
965 1007 1.5707963267948966
1001 1008 1.5707963267948966
1008 1009 1.5707963267948966
1009 1010 1.5707963267948966
1012 1013 1.5707963267948966
1011 1013 1.5707963267948966
1010 1012 1.5707963267948966
