The skeleton graph has: Nodes 1045 and 1044 Edges. 
N 0 (152.1829268292683,267.109756097561) 71.51758539562798
N 1 (118.28260869565217,269.9347826086956) 51.722686462480155
N 2 (159.5,271.5) 73.7563556583431
N 3 (170.21969696969697,277.25757575757575) 77.28068326541103
N 4 (112.0,367.0) 0.7071067811865476
N 5 (116.95454545454545,127.86363636363636) 38.22508371205207
N 6 (170.03846153846155,276.7692307692308) 77.46200633882073
N 7 (170.125,277.0) 77.37661549202059
N 8 (307.25,187.0) 27.754504138968148
N 9 (316.0,172.41666666666666) 28.920989110179313
N 10 (317.0,173.4375) 29.94167507421721
N 11 (316.9352517985611,173.54676258992805) 30.04991491275224
N 12 (95.0,131.0) 28.50438562747845
N 13 (297.4072164948454,228.99484536082474) 34.50527938522199
N 14 (313.2358490566038,217.68867924528303) 38.32669519092067
N 15 (314.2361111111111,213.0) 37.267243191889776
N 16 (138.95,223.0) 43.452876774731486
N 17 (136.1875,210.0) 40.69057208064296
N 18 (302.625,185.0) 23.13040477380368
N 19 (304.875,186.0) 25.37992563030869
N 20 (131.5,144.83333333333334) 38.873012632302
N 21 (171.91666666666669,275.0) 75.58498711898928
N 22 (170.86111111111111,276.0) 76.6405198972675
N 23 (32.0,247.0) 0.7071067811865476
N 24 (318.0,171.8125) 28.316914666855922
N 25 (323.0,164.625) 21.13091633129051
N 26 (313.0,166.625) 23.13040477380368
N 27 (314.0,168.875) 25.37992563030869
N 28 (315.0,171.25) 27.754504138968148
N 29 (57.0,241.875) 18.381801462315927
N 30 (93.0,131.23214285714286) 28.27227878061794
N 31 (94.0,131.125) 28.379404944431094
N 32 (311.0,255.0) 8.514693182963201
N 33 (338.5,232.0) 21.005951537600005
N 34 (348.0,163.0) 3.5355339059327378
N 35 (343.0,168.0) 8.514693182963201
N 36 (318.0308641975309,181.21604938271605) 33.47034029282008
N 37 (317.859375,182.0) 33.64434054028441
N 38 (332.5,175.0) 19.00657780874821
N 39 (236.625,349.0) 10.886488184901502
N 40 (235.25,348.0) 12.260199835239229
N 41 (235.25,339.0) 12.260199835239229
N 42 (163.1,339.9) 51.60155036430591
N 43 (188.0,338.78125) 52.72112101959233
N 44 (189.0,339.578125) 51.92428240732485
N 45 (175.5,327.5) 64.0
N 46 (138.3875,221.0) 42.89041450312644
N 47 (138.6625,222.0) 43.165395935285936
N 48 (137.4125,217.0) 41.915482297714284
N 49 (137.6375,218.0) 42.140466374377006
N 50 (138.125,220.0) 42.6279324504485
N 51 (137.875,219.0) 42.377949749840425
N 52 (136.475,212.0) 40.97805052708095
N 53 (136.325,211.0) 40.82806173454722
N 54 (137.2,216.0) 41.702997494184984
N 55 (137.0,215.0) 41.50301193889427
N 56 (136.6375,213.0) 41.1405384778809
N 57 (136.8125,214.0) 41.31552560781479
N 58 (204.0,246.28125) 46.78392193438361
N 59 (315.0,208.0) 36.50342449688796
N 60 (119.5,103.5) 32.0
N 61 (282.0,231.453125) 32.05077529897873
N 62 (131.79166666666669,190.0) 36.29511082011519
N 63 (131.70833333333334,189.0) 36.211785412732375
N 64 (131.88888888888889,191.0) 36.39232384127044
N 65 (132.0,192.0) 36.50342449688796
N 66 (131.63888888888889,188.0) 36.14234760116526
N 67 (132.125,193.0) 36.628412810276124
N 68 (131.58333333333334,187.0) 36.08679737029103
N 69 (132.26388888888889,194.0) 36.76728880723418
N 70 (131.54166666666669,186.0) 36.04513470790628
N 71 (132.41666666666669,195.0) 36.920052515913035
N 72 (131.51388888888889,185.0) 36.01735960479661
N 73 (131.5,184.0) 36.003472054789384
N 74 (160.125,197.0) 15.383127932901033
N 75 (158.375,198.0) 17.132297715134417
N 76 (156.5,199.0) 19.00657780874821
N 77 (133.875,202.0) 38.37825719075842
N 78 (134.13888888888889,203.0) 38.642123836144165
N 79 (134.41666666666669,204.0) 38.919878525561245
N 80 (134.70833333333334,205.0) 39.21152130149731
N 81 (135.01388888888889,206.0) 39.51705220690754
N 82 (135.33333333333334,207.0) 39.83647128504788
N 83 (135.66666666666666,208.0) 40.169778579313956
N 84 (136.08823529411765,209.2058823529412) 40.58930092377754
N 85 (136.01388888888889,209.0) 40.51697413308692
N 86 (172.95833333333334,274.0) 74.54334356228223
N 87 (173.98611111111111,273.0) 73.51558922818957
N 88 (175.0,272.0) 72.50172411743047
N 89 (176.0,271.0) 71.50174823037545
N 90 (187.0,260.09375) 60.5958128839155
N 91 (188.0,259.15625) 59.6583453010767
N 92 (191.0,256.4375) 56.93969534735851
N 93 (184.0,263.0) 63.50196847342608
N 94 (194.0,253.859375) 54.36167446271891
N 95 (192.0,255.5625) 56.06472961006768
N 96 (193.0,254.703125) 55.20538931812387
N 97 (133.625,201.0) 38.12827854755575
N 98 (133.38888888888889,200.0) 37.89218786550293
N 99 (132.95833333333331,198.0) 37.461670225860324
N 100 (133.16666666666666,199.0) 37.66998510456006
N 101 (60.0,244.25) 20.756023222187817
N 102 (61.0,245.125) 21.630779574485985
N 103 (62.0,246.04166666666666) 22.547211271266136
N 104 (320.0,168.75) 25.254950009849555
N 105 (319.0,170.25) 26.754672489118605
N 106 (321.0,167.3125) 23.817748765364033
N 107 (322.0,165.9375) 22.44307033919379
N 108 (324.0,163.375) 19.881288313386534
N 109 (325.0,162.1875) 18.694187766522514
N 110 (327.0,160.0) 16.507574019219177
N 111 (326.0,161.0625) 17.569615996088245
N 112 (90.0,133.0) 26.504716561397142
N 113 (89.0,134.0) 25.5049014897137
N 114 (88.0,128.0) 24.50510150968569
N 115 (89.04166666666666,129.0) 25.546560162008323
N 116 (92.0,131.32142857142858) 28.183007074389728
N 117 (91.65384615384616,131.34615384615384) 28.154266495390907
N 118 (91.0,132.0) 27.504545078950134
N 119 (90.125,130.0) 26.62969442182918
N 120 (91.25,131.0) 27.754504138968148
N 121 (86.0,137.0) 22.5055548698538
N 122 (59.0,243.41666666666666) 19.922941828733798
N 123 (58.0,242.625) 19.13153483126746
N 124 (354.0,221.0) 5.522680508593631
N 125 (349.875,225.0) 9.637978263100617
N 126 (302.0,240.375) 23.13040477380368
N 127 (315.4166666666667,203.0) 36.08679737029102
N 128 (315.5,200.0) 36.003472054789384
N 129 (313.8333333333333,215.0) 37.669985104560055
N 130 (314.0416666666667,214.0) 37.461670225860324
N 131 (353.0,222.0) 6.519202405202649
N 132 (345.75,228.0) 13.759087905817013
N 133 (344.125,229.0) 15.383127932901033
N 134 (340.5,231.0) 19.00657780874821
N 135 (342.375,230.0) 17.132297715134417
N 136 (351.0,160.0) 0.7071067811865476
N 137 (346.0,165.0) 5.522680508593631
N 138 (347.0,164.0) 4.527692569068709
N 139 (341.875,169.0) 9.637978263100617
N 140 (340.625,170.0) 10.886488184901502
N 141 (337.75,172.0) 13.759087905817013
N 142 (339.25,171.0) 12.260199835239229
N 143 (317.625,183.0) 33.878689835942595
N 144 (317.375,184.0) 34.12866280708929
N 145 (316.828125,186.0) 34.675480040161304
N 146 (317.109375,185.0) 34.394259519440524
N 147 (321.25,180.0) 30.254131949206542
N 148 (318.625,181.0) 32.8788020615107
N 149 (336.125,173.0) 15.383127932901033
N 150 (334.375,174.0) 17.132297715134417
N 151 (330.5,176.0) 21.005951537600005
N 152 (328.375,177.0) 23.13040477380368
N 153 (323.75,179.0) 27.754504138968148
N 154 (326.125,178.0) 25.37992563030869
N 155 (66.0,106.0) 2.5495097567963922
N 156 (87.0,127.0) 23.50531854708632
N 157 (88.0,319.0) 0.7071067811865476
N 158 (95.0,312.0) 7.516648189186454
N 159 (119.0,360.0) 7.516648189186454
N 160 (108.0,323.0) 4.527692569068709
N 161 (109.0,322.0) 5.522680508593631
N 162 (96.0,311.0) 8.514693182963201
N 163 (97.0,309.875) 9.637978263100617
N 164 (116.0,363.0) 4.527692569068709
N 165 (240.0,352.0) 7.516648189186454
N 166 (239.0,351.0) 8.514693182963201
N 167 (237.875,350.0) 9.637978263100617
N 168 (247.0,359.0) 0.7071067811865476
N 169 (246.0,358.0) 1.5811388300841898
N 170 (208.0,360.0) 31.50396800404673
N 171 (204.0,355.8125) 35.691002455100644
N 172 (205.0,356.90625) 34.59736318077579
N 173 (199.0,349.875) 41.62800289468617
N 174 (196.0,345.9375) 45.565243401632344
N 175 (192.0,341.875) 49.62751882776329
N 176 (193.0,342.609375) 48.89318166054061
N 177 (227.5,343.5) 20.0
N 178 (209.0,361.0) 30.504098085339287
N 179 (243.0,355.0) 4.527692569068709
N 180 (289.0,230.796875) 32.70694704134926
N 181 (120.0,391.0) 0.7071067811865476
N 182 (121.0,390.0) 1.5811388300841898
N 183 (95.0,267.8181818181818) 44.32100224125602
N 184 (56.0,241.16666666666666) 17.673740722074395
N 185 (55.0,240.5) 17.00735135169495
N 186 (78.0,145.0) 14.508618128546908
N 187 (218.0,238.296875) 38.80009677520953
N 188 (206.0,244.953125) 45.45587500274992
N 189 (205.0,245.609375) 46.112085865753514
N 190 (207.0,244.3125) 44.8152893134698
N 191 (208.0,243.6875) 44.19032876376912
N 192 (210.0,242.484375) 42.98728293508005
N 193 (209.0,243.078125) 43.58099331722058
N 194 (315.2083333333333,206.0) 36.29511082011519
N 195 (315.1111111111111,207.0) 36.39232384127042
N 196 (314.4166666666667,212.0) 37.086703966665866
N 197 (314.5833333333333,211.0) 36.920052515913035
N 198 (314.875,209.0) 36.628412810276124
N 199 (314.7361111111111,210.0) 36.76728880723416
N 200 (315.546875,190.0) 35.95660158115092
N 201 (315.890625,189.0) 35.61288513853694
N 202 (316.53125,187.0) 34.972324437510586
N 203 (316.21875,188.0) 35.284792780495394
N 204 (207.0,159.0) 0.7071067811865476
N 205 (217.0,238.765625) 39.268808317042485
N 206 (119.5,104.0) 32.00390601161052
N 207 (119.265625,109.0) 32.23825261456683
N 208 (119.0625,111.0) 32.441353335673284
N 209 (119.171875,110.0) 32.33199137101866
N 210 (161.75,196.0) 13.759087905817013
N 211 (163.25,195.0) 12.260199835239229
N 212 (164.625,194.0) 10.886488184901502
N 213 (132.76388888888889,197.0) 37.2672431918898
N 214 (132.58333333333331,196.0) 37.086703966665866
N 215 (177.0,270.0) 70.50177302735017
N 216 (189.0,258.234375) 58.736503187035446
N 217 (190.0,257.328125) 57.83028653755422
N 218 (186.0,261.046875) 61.548905938819296
N 219 (185.0,262.015625) 62.51762446814998
N 220 (183.0,264.0) 64.50193795538239
N 221 (196.0,252.21875) 52.72112101959233
N 222 (195.0,253.03125) 53.53358503371972
N 223 (228.0,234.46875) 34.972324437510586
N 224 (227.0,234.78125) 35.284792780495394
N 225 (225.0,235.453125) 35.95660158115092
N 226 (226.0,235.109375) 35.61288513853694
N 227 (231.0,233.625) 34.12866280708929
N 228 (233.0,233.140625) 33.64434054028441
N 229 (232.0,233.375) 33.878689835942595
N 230 (238.0,232.203125) 32.70694704134926
N 231 (239.0,232.0625) 32.56633854534464
N 232 (240.0,231.9375) 32.441353335673284
N 233 (237.0,232.359375) 32.863178869224214
N 234 (236.0,232.53125) 33.03503407842196
N 235 (234.0,232.921875) 33.42561485620908
N 236 (235.0,232.71875) 33.22251272198567
N 237 (246.0,231.515625) 32.01952910554159
N 238 (245.0,231.546875) 32.05077529897873
N 239 (243.0,231.65625) 32.160137034261844
N 240 (244.0,231.59375) 32.097644603031235
N 241 (250.0,231.5) 32.00390601161052
N 242 (249.0,231.5) 32.00390601161052
N 243 (33.0,246.0) 1.5811388300841898
N 244 (63.0,247.0) 23.50531854708632
N 245 (64.0,248.0) 24.50510150968569
N 246 (73.0,257.0) 33.50373113550191
N 247 (333.0,154.0) 10.51189802081432
N 248 (85.0,138.0) 21.50581316760657
N 249 (88.0,135.0) 24.50510150968569
N 250 (87.0,136.0) 23.50531854708632
N 251 (131.5,162.0) 36.003472054789384
N 252 (131.5,163.0) 36.003472054789384
N 253 (356.0,219.0) 3.5355339059327378
N 254 (355.0,220.0) 4.527692569068709
N 255 (347.25,227.0) 12.260199835239229
N 256 (348.625,226.0) 10.886488184901502
N 257 (301.0,238.125) 25.37992563030869
N 258 (300.0,235.75) 27.754504138968148
N 259 (298.0,230.625) 32.8788020615107
N 260 (299.0,233.25) 30.254131949206542
N 261 (303.0,242.5) 21.005951537600005
N 262 (294.0,229.859375) 33.64434054028441
N 263 (295.0,229.625) 33.878689835942595
N 264 (297.0,229.109375) 34.394259519440524
N 265 (296.0,229.375) 34.12866280708929
N 266 (315.5,190.1304347826087) 36.001896872941366
N 267 (315.2916666666667,205.0) 36.21178541273236
N 268 (315.3611111111111,204.0) 36.14234760116524
N 269 (315.4583333333333,202.0) 36.04513470790628
N 270 (315.4861111111111,201.0) 36.01735960479658
N 271 (336.8,232.8) 22.70198229230213
N 272 (308.0,251.25) 12.260199835239229
N 273 (306.0,248.125) 15.383127932901033
N 274 (307.0,249.75) 13.759087905817013
N 275 (312.0,256.0) 7.516648189186454
N 276 (325.0,226.725) 28.77934372080086
N 277 (319.0,263.0) 0.7071067811865476
N 278 (318.0,262.0) 1.5811388300841898
N 279 (351.0,224.0) 8.514693182963201
N 280 (352.0,223.0) 7.516648189186454
N 281 (146.0,77.0) 5.522680508593631
N 282 (151.0,72.0) 0.7071067811865476
N 283 (149.0,74.0) 2.5495097567963922
N 284 (150.0,73.0) 1.5811388300841898
N 285 (148.0,75.0) 3.5355339059327378
N 286 (147.0,76.0) 4.527692569068709
N 287 (64.0,104.0) 0.7071067811865476
N 288 (65.0,105.0) 1.5811388300841898
N 289 (69.0,109.0) 5.522680508593631
N 290 (70.0,110.0) 6.519202405202649
N 291 (73.0,113.0) 9.513148795220223
N 292 (94.0,313.0) 6.519202405202649
N 293 (117.0,362.0) 5.522680508593631
N 294 (118.0,361.0) 6.519202405202649
N 295 (100.0,305.75) 13.759087905817013
N 296 (101.0,304.125) 15.383127932901033
N 297 (103.0,300.5) 19.00657780874821
N 298 (102.0,302.375) 17.132297715134417
N 299 (111.0,320.0) 7.516648189186454
N 300 (110.0,321.0) 6.519202405202649
N 301 (104.0,327.0) 0.7071067811865476
N 302 (105.0,326.0) 1.5811388300841898
N 303 (107.0,324.0) 3.5355339059327378
N 304 (106.0,325.0) 2.5495097567963922
N 305 (99.0,307.25) 12.260199835239229
N 306 (98.0,308.625) 10.886488184901502
N 307 (115.0,364.0) 3.5355339059327378
N 308 (245.0,357.0) 2.5495097567963922
N 309 (244.0,356.0) 3.5355339059327378
N 310 (210.0,362.0) 29.50423698386386
N 311 (202.0,353.53125) 37.97204203835369
N 312 (203.0,354.6875) 36.81589542914853
N 313 (207.0,359.0) 32.50384592629001
N 314 (206.0,357.96875) 33.53497765859551
N 315 (201.0,352.34375) 39.15944220826569
N 316 (200.0,351.125) 40.37809585654083
N 317 (198.0,348.59375) 42.9091632295772
N 318 (197.0,347.28125) 44.22157676477061
N 319 (190.0,340.359375) 51.14306918234987
N 320 (191.0,341.125) 50.377481328466594
N 321 (194.24444444444444,343.5) 48.00068029353308
N 322 (194.0,343.328125) 48.17446980523631
N 323 (195.0,344.5625) 46.940163040300575
N 324 (242.0,354.0) 5.522680508593631
N 325 (241.0,353.0) 6.519202405202649
N 326 (213.0,365.0) 26.504716561397142
N 327 (287.0,231.0625) 32.441353335673284
N 328 (288.0,230.9375) 32.56633854534464
N 329 (127.0,384.0) 7.516648189186454
N 330 (124.0,387.0) 4.527692569068709
N 331 (122.0,389.0) 2.5495097567963922
N 332 (123.0,388.0) 3.5355339059327378
N 333 (130.0,381.0) 10.51189802081432
N 334 (128.0,383.0) 8.514693182963201
N 335 (129.0,382.0) 9.513148795220223
N 336 (144.0,367.0) 24.50510150968569
N 337 (152.0,357.5) 34.00367627183861
N 338 (147.0,363.75) 27.754504138968148
N 339 (161.0,343.625) 47.877610894864
N 340 (158.0,348.625) 42.877915352778054
N 341 (153.0,356.125) 35.37853339244011
N 342 (157.0,350.2083333333333) 41.294693800912384
N 343 (156.0,351.75) 39.75314452970985
N 344 (138.0,373.0) 18.506755523321747
N 345 (137.0,374.0) 17.507141400011598
N 346 (136.0,375.0) 16.507574019219177
N 347 (175.421875,323.0) 64.0800757140285
N 348 (175.3828125,322.0) 64.1191370256194
N 349 (175.28125,320.0) 64.22069644252154
N 350 (175.3359375,321.0) 64.16601060143842
N 351 (175.5,327.0) 64.00195309519859
N 352 (175.4921875,326.0) 64.00976535682003
N 353 (175.453125,324.0) 64.04882666579947
N 354 (175.4765625,325.0) 64.0253898802374
N 355 (174.984375,316.0) 64.51756248604426
N 356 (175.0703125,317.0) 64.43162757022095
N 357 (175.21875,319.0) 64.28319455007272
N 358 (175.1484375,318.0) 64.35350492546156
N 359 (290.0,230.640625) 32.863178869224214
N 360 (291.0,230.46875) 33.03503407842196
N 361 (90.0,267.53409090909093) 44.03692952727381
N 362 (79.0,144.0) 15.508062419270823
N 363 (75.0,148.0) 11.510864433221338
N 364 (67.0,156.0) 3.5355339059327378
N 365 (220.0,237.40625) 37.90954746580998
N 366 (219.0,237.84375) 38.34700984513004
N 367 (221.0,236.984375) 37.487709574480874
N 368 (222.0,236.578125) 37.081496106759566
N 369 (224.0,235.8125) 36.31594217764424
N 370 (223.0,236.1875) 36.69090699682961
N 371 (203.0,246.96875) 47.47138323835213
N 372 (188.0,147.375) 12.13530489934225
N 373 (197.0,151.3125) 8.20275296775418
N 374 (197.0,251.421875) 51.92428240732485
N 375 (359.0,216.0) 0.7071067811865476
N 376 (357.0,218.0) 2.5495097567963922
N 377 (358.0,217.0) 1.5811388300841898
N 378 (215.0,239.75) 40.253105470261545
N 379 (216.0,239.25) 39.75314452970985
N 380 (214.0,240.265625) 40.76869119361848
N 381 (213.0,240.796875) 41.29990175249361
N 382 (211.0,241.90625) 42.40919757626286
N 383 (212.0,241.34375) 41.846737197331166
N 384 (175.5,135.5) 24.0
N 385 (126.0,97.0) 25.5049014897137
N 386 (127.0,96.0) 24.50510150968569
N 387 (128.0,95.0) 23.50531854708632
N 388 (119.453125,106.0) 32.05077529897873
N 389 (119.484375,105.0) 32.01952910554159
N 390 (119.40625,107.0) 32.097644603031235
N 391 (119.34375,108.0) 32.160137034261844
N 392 (189.125,282.0) 58.37714128835019
N 393 (192.75,283.0) 54.75228305742145
N 394 (199.625,285.0) 47.877610894864
N 395 (196.25,284.0) 51.25243896635554
N 396 (173.375,278.0) 74.12668632145916
N 397 (177.5,279.0) 70.00178569150933
N 398 (211.875,289.0) 35.62850859915413
N 399 (209.0,288.0) 38.50324661635691
N 400 (202.875,286.0) 44.62780103254024
N 401 (206.0,287.0) 41.50301193889427
N 402 (219.75,292.0) 27.754504138968148
N 403 (185.375,281.0) 62.12701203985268
N 404 (181.5,280.0) 66.00189391222042
N 405 (180.0,267.0) 67.50185182644992
N 406 (181.0,266.0) 66.50187967268293
N 407 (182.0,265.0) 65.50190836914601
N 408 (229.0,234.171875) 34.675480040161304
N 409 (230.0,233.890625) 34.394259519440524
N 410 (242.0,231.734375) 32.23825261456683
N 411 (241.0,231.828125) 32.33199137101866
N 412 (247.0,231.5) 32.00390601161052
N 413 (248.0,231.5) 32.00390601161052
N 414 (77.0,261.0) 37.50333318519835
N 415 (38.0,241.0) 6.519202405202649
N 416 (64.0,159.0) 0.7071067811865476
N 417 (72.0,256.0) 32.50384592629001
N 418 (70.0,254.0) 30.504098085339287
N 419 (71.0,255.0) 31.50396800404673
N 420 (65.0,249.0) 25.5049014897137
N 421 (66.0,250.0) 26.504716561397142
N 422 (67.0,251.0) 27.504545078950134
N 423 (69.0,253.0) 29.50423698386386
N 424 (68.0,252.0) 28.50438562747845
N 425 (334.0,153.0) 9.513148795220223
N 426 (349.0,162.0) 2.5495097567963922
N 427 (350.0,161.0) 1.5811388300841898
N 428 (330.0,157.0) 13.509256086106296
N 429 (328.0,159.0) 15.508062419270823
N 430 (329.0,158.0) 14.508618128546908
N 431 (94.0,78.0) 6.519202405202649
N 432 (93.0,77.0) 5.522680508593631
N 433 (82.0,141.0) 18.506755523321747
N 434 (76.0,147.0) 12.509996003196804
N 435 (77.0,146.0) 13.509256086106296
N 436 (131.5,160.0) 36.003472054789384
N 437 (131.5,161.0) 36.003472054789384
N 438 (131.5,164.0) 36.003472054789384
N 439 (305.0,246.375) 17.132297715134417
N 440 (304.0,244.5) 19.00657780874821
N 441 (309.75,188.0) 30.254131949206542
N 442 (315.5,193.0) 36.003472054789384
N 443 (267.0,231.5) 32.00390601161052
N 444 (300.5,184.0) 21.005951537600005
N 445 (334.0,231.675) 23.83024601215857
N 446 (330.0,229.725) 25.7798492043689
N 447 (331.0,230.25) 25.254950009849555
N 448 (335.0,232.1) 23.40534127074416
N 449 (336.0,232.5) 23.005434140654682
N 450 (337.0,233.0) 22.5055548698538
N 451 (310.0,253.875) 9.637978263100617
N 452 (309.0,252.625) 10.886488184901502
N 453 (320.0,223.1) 32.40385779502188
N 454 (321.0,223.875) 31.62895232219999
N 455 (324.0,226.05) 29.454244176349174
N 456 (326.0,227.375) 28.129444093333944
N 457 (327.0,228.0) 27.504545078950134
N 458 (329.0,229.175) 26.329747909921192
N 459 (328.0,228.6) 26.904646438858844
N 460 (345.0,241.0) 14.508618128546908
N 461 (346.0,242.0) 13.509256086106296
N 462 (344.0,240.0) 15.508062419270823
N 463 (343.0,239.0) 16.507574019219177
N 464 (342.0,238.0) 17.507141400011598
N 465 (352.0,248.0) 7.516648189186454
N 466 (347.0,243.0) 12.509996003196804
N 467 (314.0,258.0) 5.522680508593631
N 468 (313.0,257.0) 6.519202405202649
N 469 (247.0,328.0) 0.7071067811865476
N 470 (246.0,329.0) 1.5811388300841898
N 471 (181.0,130.0) 18.506755523321747
N 472 (141.0,82.0) 10.51189802081432
N 473 (136.0,87.0) 15.508062419270823
N 474 (137.0,86.0) 14.508618128546908
N 475 (175.0,135.5) 24.005207768315607
N 476 (67.0,107.0) 3.5355339059327378
N 477 (68.0,108.0) 4.527692569068709
N 478 (75.0,115.0) 11.510864433221338
N 479 (74.0,114.0) 10.51189802081432
N 480 (80.0,120.0) 16.507574019219177
N 481 (79.0,119.0) 15.508062419270823
N 482 (78.0,118.0) 14.508618128546908
N 483 (83.0,123.0) 19.50640920313116
N 484 (84.0,124.0) 20.506096654409877
N 485 (89.0,318.0) 1.5811388300841898
N 486 (90.0,317.0) 2.5495097567963922
N 487 (93.0,314.0) 5.522680508593631
N 488 (75.0,276.0) 35.503520952153465
N 489 (113.0,366.0) 1.5811388300841898
N 490 (114.0,365.0) 2.5495097567963922
N 491 (226.0,378.0) 13.509256086106296
N 492 (216.0,368.0) 23.50531854708632
N 493 (228.5,343.0) 19.00657780874821
N 494 (230.375,342.0) 17.132297715134417
N 495 (233.75,340.0) 13.759087905817013
N 496 (232.125,341.0) 15.383127932901033
N 497 (228.5,344.0) 19.00657780874821
N 498 (230.375,345.0) 17.132297715134417
N 499 (233.75,347.0) 13.759087905817013
N 500 (232.125,346.0) 15.383127932901033
N 501 (214.0,366.0) 25.5049014897137
N 502 (215.0,367.0) 24.50510150968569
N 503 (233.75,299.0) 13.759087905817013
N 504 (235.25,300.0) 12.260199835239229
N 505 (226.5,295.0) 21.005951537600005
N 506 (228.5,296.0) 19.00657780874821
N 507 (232.125,298.0) 15.383127932901033
N 508 (230.375,297.0) 17.132297715134417
N 509 (281.0,231.484375) 32.01952910554159
N 510 (280.0,231.5) 32.00390601161052
N 511 (125.0,386.0) 5.522680508593631
N 512 (126.0,385.0) 6.519202405202649
N 513 (131.0,380.0) 11.510864433221338
N 514 (132.0,379.0) 12.509996003196804
N 515 (135.0,376.0) 15.508062419270823
N 516 (146.0,364.875) 26.62969442182918
N 517 (145.0,365.9583333333333) 25.546560162008333
N 518 (150.0,360.125) 31.37898381082472
N 519 (151.0,358.8333333333333) 32.67049297318777
N 520 (149.0,361.375) 30.129149091867827
N 521 (148.0,362.5833333333333) 28.920989110179327
N 522 (163.0,340.0833333333333) 51.41909772750891
N 523 (162.0,341.875) 49.62751882776329
N 524 (160.0,345.3333333333333) 46.1693741685017
N 525 (159.0,347.0) 44.50280890011326
N 526 (155.0,353.25) 38.253267834264825
N 527 (154.0,354.7083333333333) 36.795064018304295
N 528 (185.0,336.296875) 55.20538931812387
N 529 (182.0,333.671875) 57.83028653755422
N 530 (176.0,328.0) 63.50196847342608
N 531 (179.0,330.90625) 60.5958128839155
N 532 (174.890625,315.0) 64.61130967478236
N 533 (174.7890625,314.0) 64.71286913844035
N 534 (174.5625,312.0) 64.93942489928595
N 535 (174.6796875,313.0) 64.82224087917399
N 536 (245.0,309.0) 2.5495097567963922
N 537 (243.0,307.0) 4.527692569068709
N 538 (244.0,308.0) 3.5355339059327378
N 539 (293.0,230.078125) 33.42561485620908
N 540 (292.0,230.28125) 33.22251272198567
N 541 (239.0,303.0) 8.514693182963201
N 542 (240.0,304.0) 7.516648189186454
N 543 (91.0,267.5681818181818) 44.07101824056633
N 544 (65.0,158.0) 1.5811388300841898
N 545 (66.0,157.0) 2.5495097567963922
N 546 (81.0,142.0) 17.507141400011598
N 547 (80.0,143.0) 16.507574019219177
N 548 (206.0,158.0) 1.5811388300841898
N 549 (205.0,157.0) 2.5495097567963922
N 550 (201.0,248.390625) 48.89318166054061
N 551 (202.0,247.671875) 48.17446980523631
N 552 (176.0,135.0) 23.50531854708632
N 553 (177.0,134.0) 22.5055548698538
N 554 (178.0,133.0) 21.50581316760657
N 555 (204.0,156.0) 3.5355339059327378
N 556 (203.0,155.0) 4.527692569068709
N 557 (191.0,149.25) 10.262187875886896
N 558 (192.0,149.75) 9.762812094883317
N 559 (194.0,150.5625) 8.951475087939418
N 560 (193.0,150.1875) 9.32591315904239
N 561 (190.0,148.6875) 10.824054519910735
N 562 (189.0,148.0625) 11.448423745214884
N 563 (195.0,150.875) 8.639480597813737
N 564 (196.0,151.125) 8.389912097274918
N 565 (199.5,151.5) 8.0
N 566 (200.0,152.0) 7.516648189186454
N 567 (180.0,140.0) 19.50640920313116
N 568 (184.0,144.0) 15.508062419270823
N 569 (185.0,144.9375) 14.571081162700317
N 570 (187.0,146.625) 12.88470508005519
N 571 (186.0,145.8125) 13.696629375506953
N 572 (122.0,101.0) 29.50423698386386
N 573 (123.0,100.0) 28.50438562747845
N 574 (135.0,88.0) 16.507574019219177
N 575 (131.0,92.0) 20.506096654409877
N 576 (132.0,91.0) 19.50640920313116
N 577 (130.0,93.0) 21.50581316760657
N 578 (129.0,94.0) 22.5055548698538
N 579 (224.375,294.0) 23.13040477380368
N 580 (222.125,293.0) 25.37992563030869
N 581 (165.875,193.0) 9.637978263100617
N 582 (167.0,192.0) 8.514693182963201
N 583 (255.0,231.5) 32.00390601161052
N 584 (256.0,231.5) 32.00390601161052
N 585 (259.0,231.5) 32.00390601161052
N 586 (178.0,269.0) 69.50179853787958
N 587 (179.0,268.0) 68.50182479321262
N 588 (76.0,260.0) 36.50342449688796
N 589 (78.0,262.0) 38.50324661635691
N 590 (79.0,263.0) 39.50316443020736
N 591 (80.0,264.0) 40.50308630215727
N 592 (34.0,245.0) 2.5495097567963922
N 593 (35.0,244.0) 3.5355339059327378
N 594 (37.0,242.0) 5.522680508593631
N 595 (36.0,243.0) 4.527692569068709
N 596 (39.5,239.5) 8.0
N 597 (39.0,240.0) 7.516648189186454
N 598 (335.0,152.0) 8.514693182963201
N 599 (332.0,155.0) 11.510864433221338
N 600 (331.0,156.0) 12.509996003196804
N 601 (344.0,167.0) 7.516648189186454
N 602 (345.0,166.0) 6.519202405202649
N 603 (310.0,160.625) 17.132297715134417
N 604 (312.0,164.5) 21.005951537600005
N 605 (311.0,162.5) 19.00657780874821
N 606 (307.0,155.75) 12.260199835239229
N 607 (306.0,154.375) 10.886488184901502
N 608 (304.0,152.0) 8.514693182963201
N 609 (305.0,153.125) 9.637978263100617
N 610 (303.0,151.0) 7.516648189186454
N 611 (306.5,167.0) 19.00657780874821
N 612 (304.625,166.0) 17.132297715134417
N 613 (301.25,164.0) 13.759087905817013
N 614 (302.875,165.0) 15.383127932901033
N 615 (296.0,160.0) 8.514693182963201
N 616 (297.125,161.0) 9.637978263100617
N 617 (299.75,163.0) 12.260199835239229
N 618 (298.375,162.0) 10.886488184901502
N 619 (288.0,176.0) 8.514693182963201
N 620 (293.25,180.0) 13.759087905817013
N 621 (291.75,179.0) 12.260199835239229
N 622 (289.125,177.0) 9.637978263100617
N 623 (290.375,178.0) 10.886488184901502
N 624 (95.0,79.0) 7.516648189186454
N 625 (98.0,82.0) 10.51189802081432
N 626 (99.0,83.0) 11.510864433221338
N 627 (84.0,139.0) 20.506096654409877
N 628 (83.0,140.0) 19.50640920313116
N 629 (315.5,194.0) 36.003472054789384
N 630 (315.5,197.0) 36.003472054789384
N 631 (270.0,231.5) 32.00390601161052
N 632 (271.0,231.5) 32.00390601161052
N 633 (277.0,231.5) 32.00390601161052
N 634 (315.125,190.0) 35.62850859915413
N 635 (312.375,189.0) 32.8788020615107
N 636 (269.0,231.5) 32.00390601161052
N 637 (268.0,231.5) 32.00390601161052
N 638 (315.5,191.0) 36.003472054789384
N 639 (315.5,192.0) 36.003472054789384
N 640 (332.0,230.75) 24.755049989850555
N 641 (333.0,231.225) 24.280148784552367
N 642 (339.0,235.0) 20.506096654409877
N 643 (338.0,234.0) 21.50581316760657
N 644 (322.0,224.625) 30.879048317589064
N 645 (323.0,225.35) 30.15414565196633
N 646 (317.0,261.0) 2.5495097567963922
N 647 (340.0,236.0) 19.50640920313116
N 648 (341.0,237.0) 18.506755523321747
N 649 (359.0,255.0) 0.7071067811865476
N 650 (350.0,246.0) 9.513148795220223
N 651 (351.0,247.0) 8.514693182963201
N 652 (356.0,252.0) 3.5355339059327378
N 653 (355.0,251.0) 4.527692569068709
N 654 (349.0,245.0) 10.51189802081432
N 655 (348.0,244.0) 11.510864433221338
N 656 (241.0,334.0) 6.519202405202649
N 657 (245.0,330.0) 2.5495097567963922
N 658 (180.0,131.0) 19.50640920313116
N 659 (179.0,132.0) 20.506096654409877
N 660 (140.0,83.0) 11.510864433221338
N 661 (142.0,81.0) 9.513148795220223
N 662 (173.0,135.5) 24.005207768315607
N 663 (174.0,135.5) 24.005207768315607
N 664 (72.0,112.0) 8.514693182963201
N 665 (71.0,111.0) 7.516648189186454
N 666 (76.0,116.0) 12.509996003196804
N 667 (77.0,117.0) 13.509256086106296
N 668 (81.0,121.0) 17.507141400011598
N 669 (82.0,122.0) 18.506755523321747
N 670 (86.0,126.0) 22.5055548698538
N 671 (85.0,125.0) 21.50581316760657
N 672 (91.0,316.0) 3.5355339059327378
N 673 (92.0,315.0) 4.527692569068709
N 674 (85.0,267.5) 44.0028408173836
N 675 (141.0,370.0) 21.50581316760657
N 676 (139.0,372.0) 19.50640920313116
N 677 (140.0,371.0) 20.506096654409877
N 678 (74.0,277.0) 34.50362299817223
N 679 (76.0,275.0) 36.50342449688796
N 680 (77.0,274.0) 37.50333318519835
N 681 (78.0,273.0) 38.50324661635691
N 682 (60.0,291.0) 20.506096654409877
N 683 (59.0,292.0) 19.50640920313116
N 684 (40.0,311.0) 0.7071067811865476
N 685 (41.0,310.0) 1.5811388300841898
N 686 (227.0,379.0) 12.509996003196804
N 687 (228.0,380.0) 11.510864433221338
N 688 (229.0,381.0) 10.51189802081432
N 689 (221.0,373.0) 18.506755523321747
N 690 (223.0,375.0) 16.507574019219177
N 691 (222.0,374.0) 17.507141400011598
N 692 (220.0,372.0) 19.50640920313116
N 693 (217.0,369.0) 22.5055548698538
N 694 (218.0,370.0) 21.50581316760657
N 695 (219.0,371.0) 20.506096654409877
N 696 (212.0,364.0) 27.504545078950134
N 697 (211.0,363.0) 28.50438562747845
N 698 (283.0,231.40625) 32.097644603031235
N 699 (284.0,231.34375) 32.160137034261844
N 700 (286.0,231.171875) 32.33199137101866
N 701 (285.0,231.265625) 32.23825261456683
N 702 (133.0,378.0) 13.509256086106296
N 703 (134.0,377.0) 14.508618128546908
N 704 (120.0,359.0) 8.514693182963201
N 705 (121.125,358.0) 9.637978263100617
N 706 (125.25,355.0) 13.759087905817013
N 707 (126.875,354.0) 15.383127932901033
N 708 (128.625,353.0) 17.132297715134417
N 709 (134.625,350.0) 23.13040477380368
N 710 (147.125,345.0) 35.62850859915413
N 711 (144.375,346.0) 32.8788020615107
N 712 (141.75,347.0) 30.254131949206542
N 713 (150.0,344.0) 38.50324661635691
N 714 (162.75,340.0) 51.25243896635554
N 715 (159.375,341.0) 47.877610894864
N 716 (187.0,337.96875) 53.53358503371972
N 717 (186.0,337.140625) 54.36167446271891
N 718 (184.0,335.4375) 56.06472961006768
N 719 (183.0,334.5625) 56.93969534735851
N 720 (178.0,329.953125) 61.548905938819296
N 721 (177.0,328.984375) 62.51762446814998
N 722 (181.0,332.765625) 58.736503187035446
N 723 (180.0,331.84375) 59.6583453010767
N 724 (175.0,328.0) 63.50196847342608
N 725 (174.0,329.0) 62.50199996800102
N 726 (167.0,336.0) 55.502252206554644
N 727 (168.0,335.0) 56.50221234606659
N 728 (171.0,332.0) 59.50210080324896
N 729 (173.0,330.0) 61.50203248673982
N 730 (172.0,331.0) 60.502066080424065
N 731 (247.0,311.0) 0.7071067811865476
N 732 (246.0,310.0) 1.5811388300841898
N 733 (92.0,267.6136363636364) 44.116469863568405
N 734 (86.0,267.5) 44.0028408173836
N 735 (81.0,265.0) 41.50301193889427
N 736 (82.0,266.0) 42.50294107470682
N 737 (84.0,267.5) 44.0028408173836
N 738 (50.0,234.375) 10.886488184901502
N 739 (49.0,233.125) 9.637978263100617
N 740 (48.0,232.0) 8.514693182963201
N 741 (74.0,149.0) 10.51189802081432
N 742 (201.0,153.0) 6.519202405202649
N 743 (202.0,154.0) 5.522680508593631
N 744 (182.0,129.0) 17.507141400011598
N 745 (184.0,127.0) 15.508062419270823
N 746 (183.0,128.0) 16.507574019219177
N 747 (187.0,124.0) 12.509996003196804
N 748 (185.0,126.0) 14.508618128546908
N 749 (186.0,125.0) 13.509256086106296
N 750 (198.0,250.640625) 51.14306918234987
N 751 (198.0,151.4375) 8.077988997888026
N 752 (199.0,151.5) 8.0156097709407
N 753 (181.0,141.0) 18.506755523321747
N 754 (131.5,170.0) 36.003472054789384
N 755 (176.0,136.0) 23.50531854708632
N 756 (177.0,137.0) 22.5055548698538
N 757 (190.0,121.0) 9.513148795220223
N 758 (191.0,120.0) 8.514693182963201
N 759 (199.0,112.0) 0.7071067811865476
N 760 (198.0,113.0) 1.5811388300841898
N 761 (194.0,117.0) 5.522680508593631
N 762 (195.0,116.0) 4.527692569068709
N 763 (120.0,103.0) 31.50396800404673
N 764 (121.0,102.0) 30.504098085339287
N 765 (125.0,98.0) 26.504716561397142
N 766 (124.0,99.0) 27.504545078950134
N 767 (133.0,90.0) 18.506755523321747
N 768 (134.0,89.0) 17.507141400011598
N 769 (168.0,135.5) 24.005207768315607
N 770 (214.625,290.0) 32.8788020615107
N 771 (217.25,291.0) 30.254131949206542
N 772 (131.5,177.0) 36.003472054789384
N 773 (131.5,180.0) 36.003472054789384
N 774 (131.5,181.0) 36.003472054789384
N 775 (131.5,183.0) 36.003472054789384
N 776 (131.5,182.0) 36.003472054789384
N 777 (254.0,231.5) 32.00390601161052
N 778 (258.0,231.5) 32.00390601161052
N 779 (257.0,231.5) 32.00390601161052
N 780 (74.0,258.0) 34.50362299817223
N 781 (75.0,259.0) 35.503520952153465
N 782 (34.0,234.0) 2.5495097567963922
N 783 (40.0,224.0) 0.7071067811865476
N 784 (35.0,235.0) 3.5355339059327378
N 785 (36.0,236.0) 4.527692569068709
N 786 (37.0,237.0) 5.522680508593631
N 787 (47.0,231.0) 7.516648189186454
N 788 (51.0,235.75) 12.260199835239229
N 789 (52.0,237.25) 13.759087905817013
N 790 (53.357142857142854,239.5) 16.000637742392183
N 791 (53.0,238.875) 15.383127932901033
N 792 (54.0,239.875) 16.38263180932783
N 793 (43.0,227.0) 3.5355339059327378
N 794 (44.0,228.0) 4.527692569068709
N 795 (336.0,151.0) 7.516648189186454
N 796 (308.0,157.25) 13.759087905817013
N 797 (309.0,158.875) 15.383127932901033
N 798 (302.0,150.0) 6.519202405202649
N 799 (292.0,156.0) 4.527692569068709
N 800 (293.0,157.0) 5.522680508593631
N 801 (296.0,144.0) 0.7071067811865476
N 802 (297.0,145.0) 1.5811388300841898
N 803 (288.0,152.0) 0.7071067811865476
N 804 (289.0,153.0) 1.5811388300841898
N 805 (88.0,72.0) 0.7071067811865476
N 806 (90.0,74.0) 2.5495097567963922
N 807 (89.0,73.0) 1.5811388300841898
N 808 (91.0,75.0) 3.5355339059327378
N 809 (92.0,76.0) 4.527692569068709
N 810 (97.0,81.0) 9.513148795220223
N 811 (96.0,80.0) 8.514693182963201
N 812 (104.0,88.0) 16.507574019219177
N 813 (119.0,103.0) 31.50396800404673
N 814 (275.0,231.5) 32.00390601161052
N 815 (276.0,231.5) 32.00390601161052
N 816 (315.5,199.0) 36.003472054789384
N 817 (315.5,198.0) 36.003472054789384
N 818 (274.0,231.5) 32.00390601161052
N 819 (273.0,231.5) 32.00390601161052
N 820 (272.0,231.5) 32.00390601161052
N 821 (279.0,231.5) 32.00390601161052
N 822 (278.0,231.5) 32.00390601161052
N 823 (298.5,183.0) 19.00657780874821
N 824 (264.0,231.5) 32.00390601161052
N 825 (266.0,231.5) 32.00390601161052
N 826 (265.0,231.5) 32.00390601161052
N 827 (315.0,259.0) 4.527692569068709
N 828 (316.0,260.0) 3.5355339059327378
N 829 (357.0,253.0) 2.5495097567963922
N 830 (358.0,254.0) 1.5811388300841898
N 831 (353.0,249.0) 6.519202405202649
N 832 (354.0,250.0) 5.522680508593631
N 833 (239.0,336.0) 8.514693182963201
N 834 (240.0,335.0) 7.516648189186454
N 835 (236.625,338.0) 10.886488184901502
N 836 (237.875,337.0) 9.637978263100617
N 837 (242.0,333.0) 5.522680508593631
N 838 (138.0,85.0) 13.509256086106296
N 839 (139.0,84.0) 12.509996003196804
N 840 (143.0,80.0) 8.514693182963201
N 841 (143.0,368.0) 23.50531854708632
N 842 (142.0,369.0) 22.5055548698538
N 843 (73.0,278.0) 33.50373113550191
N 844 (81.0,270.0) 41.50301193889427
N 845 (82.0,269.0) 42.50294107470682
N 846 (80.0,271.0) 40.50308630215727
N 847 (79.0,272.0) 39.50316443020736
N 848 (62.0,289.0) 22.5055548698538
N 849 (61.0,290.0) 21.50581316760657
N 850 (58.0,293.0) 18.506755523321747
N 851 (46.0,305.0) 6.519202405202649
N 852 (237.0,389.0) 2.5495097567963922
N 853 (236.0,388.0) 3.5355339059327378
N 854 (235.0,387.0) 4.527692569068709
N 855 (234.0,386.0) 5.522680508593631
N 856 (233.0,385.0) 6.519202405202649
N 857 (232.0,384.0) 7.516648189186454
N 858 (231.0,383.0) 8.514693182963201
N 859 (230.0,382.0) 9.513148795220223
N 860 (224.0,376.0) 15.508062419270823
N 861 (225.0,377.0) 14.508618128546908
N 862 (237.875,302.0) 9.637978263100617
N 863 (236.625,301.0) 10.886488184901502
N 864 (122.375,357.0) 10.886488184901502
N 865 (123.75,356.0) 12.260199835239229
N 866 (130.5,352.0) 19.00657780874821
N 867 (132.5,351.0) 21.005951537600005
N 868 (136.875,349.0) 25.37992563030869
N 869 (139.25,348.0) 27.754504138968148
N 870 (156.125,342.0) 44.62780103254024
N 871 (153.0,343.0) 41.50301193889427
N 872 (166.0,337.0) 54.502293529722216
N 873 (169.0,334.0) 57.50217387195027
N 874 (170.0,333.0) 58.502136713115014
N 875 (242.0,306.0) 5.522680508593631
N 876 (241.0,305.0) 6.519202405202649
N 877 (94.0,267.7386363636364) 44.2414618577873
N 878 (93.0,267.67045454545456) 44.17328440077854
N 879 (87.0,267.5) 44.0028408173836
N 880 (83.5,267.5) 44.0
N 881 (83.0,268.0) 43.502873468312416
N 882 (83.0,267.0) 43.502873468312416
N 883 (42.0,226.0) 2.5495097567963922
N 884 (41.0,225.0) 1.5811388300841898
N 885 (68.0,155.0) 4.527692569068709
N 886 (69.0,154.0) 5.522680508593631
N 887 (200.0,249.125) 49.62751882776329
N 888 (199.0,249.875) 50.377481328466594
N 889 (178.0,138.0) 21.50581316760657
N 890 (179.0,139.0) 20.506096654409877
N 891 (131.5,169.0) 36.003472054789384
N 892 (131.5,168.0) 36.003472054789384
N 893 (131.5,167.0) 36.003472054789384
N 894 (188.0,123.0) 11.510864433221338
N 895 (189.0,122.0) 10.51189802081432
N 896 (193.0,118.0) 6.519202405202649
N 897 (192.0,119.0) 7.516648189186454
N 898 (196.0,115.0) 3.5355339059327378
N 899 (197.0,114.0) 2.5495097567963922
N 900 (154.0,137.39583333333334) 25.900659914909067
N 901 (157.0,136.64583333333334) 25.150803844564837
N 902 (160.0,136.08333333333334) 24.588417553347703
N 903 (162.0,135.8125) 24.31764084466254
N 904 (161.0,135.9375) 24.4426145542984
N 905 (167.0,135.5) 24.005207768315607
N 906 (166.0,135.52083333333334) 24.026036585916067
N 907 (165.0,135.5625) 24.067694244567758
N 908 (131.5,175.0) 36.003472054789384
N 909 (131.5,176.0) 36.003472054789384
N 910 (175.0,184.0) 0.7071067811865476
N 911 (174.0,185.0) 1.5811388300841898
N 912 (131.5,179.0) 36.003472054789384
N 913 (131.5,178.0) 36.003472054789384
N 914 (253.0,231.5) 32.00390601161052
N 915 (39.0,239.0) 7.516648189186454
N 916 (38.0,238.0) 6.519202405202649
N 917 (337.0,150.0) 6.519202405202649
N 918 (295.0,159.0) 7.516648189186454
N 919 (294.0,158.0) 6.519202405202649
N 920 (300.0,148.0) 4.527692569068709
N 921 (301.0,149.0) 5.522680508593631
N 922 (299.0,147.0) 3.5355339059327378
N 923 (298.0,146.0) 2.5495097567963922
N 924 (291.0,155.0) 3.5355339059327378
N 925 (290.0,154.0) 2.5495097567963922
N 926 (101.0,85.0) 13.509256086106296
N 927 (100.0,84.0) 12.509996003196804
N 928 (102.0,86.0) 14.508618128546908
N 929 (103.0,87.0) 15.508062419270823
N 930 (106.0,90.0) 18.506755523321747
N 931 (105.0,89.0) 17.507141400011598
N 932 (107.0,91.0) 19.50640920313116
N 933 (113.0,97.0) 25.5049014897137
N 934 (112.0,96.0) 24.50510150968569
N 935 (117.0,101.0) 29.50423698386386
N 936 (118.0,102.0) 30.504098085339287
N 937 (315.5,196.0) 36.003472054789384
N 938 (315.5,195.0) 36.003472054789384
N 939 (294.875,181.0) 15.383127932901033
N 940 (296.625,182.0) 17.132297715134417
N 941 (263.0,231.5) 32.00390601161052
N 942 (262.0,231.5) 32.00390601161052
N 943 (260.0,231.5) 32.00390601161052
N 944 (261.0,231.5) 32.00390601161052
N 945 (244.0,331.0) 3.5355339059327378
N 946 (243.0,332.0) 4.527692569068709
N 947 (145.0,78.0) 6.519202405202649
N 948 (144.0,79.0) 7.516648189186454
N 949 (72.0,279.0) 32.50384592629001
N 950 (57.0,294.0) 17.507141400011598
N 951 (47.0,304.0) 7.516648189186454
N 952 (48.0,303.0) 8.514693182963201
N 953 (50.0,301.0) 10.51189802081432
N 954 (49.0,302.0) 9.513148795220223
N 955 (164.0,339.0) 52.502380898393554
N 956 (165.0,338.0) 53.50233639758174
N 957 (88.0,267.5) 44.0028408173836
N 958 (89.0,267.5113636363636) 44.01420372030182
N 959 (72.0,151.0) 8.514693182963201
N 960 (73.0,150.0) 9.513148795220223
N 961 (71.0,152.0) 7.516648189186454
N 962 (70.0,153.0) 6.519202405202649
N 963 (131.5,174.0) 36.003472054789384
N 964 (131.5,173.0) 36.003472054789384
N 965 (131.5,171.0) 36.003472054789384
N 966 (131.5,172.0) 36.003472054789384
N 967 (131.5,165.0) 36.003472054789384
N 968 (131.5,166.0) 36.003472054789384
N 969 (152.0,138.0) 26.504716561397142
N 970 (153.0,137.6875) 26.192272834750327
N 971 (155.0,137.125) 25.629877584569147
N 972 (156.0,136.875) 25.37992563030869
N 973 (158.0,136.4375) 24.942512027660726
N 974 (159.0,136.25) 24.755049989850555
N 975 (163.0,135.70833333333334) 24.21349629396336
N 976 (164.0,135.625) 24.13018079086852
N 977 (169.0,135.5) 24.005207768315607
N 978 (170.0,135.5) 24.005207768315607
N 979 (172.0,135.5) 24.005207768315607
N 980 (171.0,135.5) 24.005207768315607
N 981 (172.0,187.0) 3.5355339059327378
N 982 (173.0,186.0) 2.5495097567963922
N 983 (171.0,188.0) 4.527692569068709
N 984 (170.0,189.0) 5.522680508593631
N 985 (168.0,191.0) 7.516648189186454
N 986 (169.0,190.0) 6.519202405202649
N 987 (251.0,231.5) 32.00390601161052
N 988 (252.0,231.5) 32.00390601161052
N 989 (32.0,232.0) 0.7071067811865476
N 990 (33.0,233.0) 1.5811388300841898
N 991 (46.0,230.0) 6.519202405202649
N 992 (45.0,229.0) 5.522680508593631
N 993 (338.0,149.0) 5.522680508593631
N 994 (287.0,175.0) 7.516648189186454
N 995 (286.0,174.0) 6.519202405202649
N 996 (284.0,172.0) 4.527692569068709
N 997 (285.0,173.0) 5.522680508593631
N 998 (283.0,171.0) 3.5355339059327378
N 999 (282.0,170.0) 2.5495097567963922
N 1000 (280.0,168.0) 0.7071067811865476
N 1001 (281.0,169.0) 1.5811388300841898
N 1002 (109.0,93.0) 21.50581316760657
N 1003 (108.0,92.0) 20.506096654409877
N 1004 (110.0,94.0) 22.5055548698538
N 1005 (111.0,95.0) 23.50531854708632
N 1006 (116.0,100.0) 28.50438562747845
N 1007 (114.0,98.0) 26.504716561397142
N 1008 (115.0,99.0) 27.504545078950134
N 1009 (71.0,280.0) 31.50396800404673
N 1010 (56.0,295.0) 16.507574019219177
N 1011 (42.0,309.0) 2.5495097567963922
N 1012 (43.0,308.0) 3.5355339059327378
N 1013 (45.0,306.0) 5.522680508593631
N 1014 (44.0,307.0) 4.527692569068709
N 1015 (239.0,391.0) 0.7071067811865476
N 1016 (238.0,390.0) 1.5811388300841898
N 1017 (207.0,144.0) 0.7071067811865476
N 1018 (206.0,145.0) 1.5811388300841898
N 1019 (204.0,147.0) 3.5355339059327378
N 1020 (205.0,146.0) 2.5495097567963922
N 1021 (200.0,151.0) 7.516648189186454
N 1022 (201.0,150.0) 6.519202405202649
N 1023 (203.0,148.0) 4.527692569068709
N 1024 (202.0,149.0) 5.522680508593631
N 1025 (339.0,148.0) 4.527692569068709
N 1026 (70.0,281.0) 30.504098085339287
N 1027 (55.0,296.0) 15.508062419270823
N 1028 (183.0,143.0) 16.507574019219177
N 1029 (182.0,142.0) 17.507141400011598
N 1030 (340.0,147.0) 3.5355339059327378
N 1031 (69.0,282.0) 29.50423698386386
N 1032 (54.0,297.0) 14.508618128546908
N 1033 (341.0,146.0) 2.5495097567963922
N 1034 (68.0,283.0) 28.50438562747845
N 1035 (53.0,298.0) 13.509256086106296
N 1036 (343.0,144.0) 0.7071067811865476
N 1037 (342.0,145.0) 1.5811388300841898
N 1038 (67.0,284.0) 27.504545078950134
N 1039 (51.0,300.0) 11.510864433221338
N 1040 (52.0,299.0) 12.509996003196804
N 1041 (66.0,285.0) 26.504716561397142
N 1042 (65.0,286.0) 25.5049014897137
N 1043 (63.0,288.0) 23.50531854708632
N 1044 (64.0,287.0) 24.50510150968569
E (9,11)
E (10,11)
E (10,24)
E (26,27)
E (27,28)
E (9,28)
E (39,40)
E (56,57)
E (55,57)
E (86,87)
E (87,88)
E (0,16)
E (0,2)
E (88,89)
E (50,51)
E (49,51)
E (2,6)
E (52,56)
E (54,55)
E (48,49)
E (6,22)
E (76,84)
E (17,84)
E (48,54)
E (21,22)
E (52,53)
E (46,50)
E (16,47)
E (46,47)
E (17,53)
E (21,86)
E (75,76)
E (95,96)
E (94,96)
E (82,83)
E (80,81)
E (81,82)
E (67,69)
E (77,97)
E (78,79)
E (79,80)
E (77,78)
E (104,105)
E (24,105)
E (106,107)
E (104,106)
E (25,107)
E (108,109)
E (25,108)
E (110,111)
E (109,111)
E (112,113)
E (114,115)
E (112,118)
E (119,120)
E (115,119)
E (117,118)
E (117,120)
E (129,130)
E (15,130)
E (124,131)
E (137,138)
E (34,138)
E (139,140)
E (35,139)
E (141,142)
E (140,142)
E (143,144)
E (37,143)
E (145,146)
E (144,146)
E (147,148)
E (36,37)
E (36,148)
E (149,150)
E (141,149)
E (38,150)
E (151,152)
E (38,151)
E (153,154)
E (147,153)
E (152,154)
E (114,156)
E (162,163)
E (158,162)
E (166,167)
E (165,166)
E (39,167)
E (168,169)
E (181,182)
E (1,183)
E (0,1)
E (62,63)
E (190,191)
E (192,193)
E (191,193)
E (194,195)
E (59,195)
E (196,197)
E (15,196)
E (200,201)
E (202,203)
E (145,202)
E (201,203)
E (187,205)
E (89,215)
E (94,222)
E (223,224)
E (225,226)
E (224,226)
E (228,229)
E (227,229)
E (230,231)
E (231,232)
E (233,234)
E (230,233)
E (235,236)
E (228,235)
E (234,236)
E (237,238)
E (239,240)
E (238,240)
E (65,67)
E (99,213)
E (121,248)
E (249,250)
E (113,249)
E (121,250)
E (251,252)
E (30,116)
E (253,254)
E (124,254)
E (257,258)
E (126,257)
E (259,260)
E (258,260)
E (126,261)
E (264,265)
E (13,264)
E (13,259)
E (267,268)
E (194,267)
E (127,268)
E (269,270)
E (127,269)
E (128,270)
E (273,274)
E (272,274)
E (131,280)
E (287,288)
E (155,288)
E (289,290)
E (158,292)
E (293,294)
E (164,293)
E (159,294)
E (295,296)
E (160,161)
E (297,298)
E (296,298)
E (299,300)
E (2,299)
E (1,297)
E (161,300)
E (301,302)
E (305,306)
E (303,304)
E (295,305)
E (163,306)
E (160,303)
E (302,304)
E (164,307)
E (308,309)
E (169,308)
E (179,309)
E (324,325)
E (178,310)
E (165,325)
E (170,178)
E (179,324)
E (331,332)
E (182,331)
E (330,332)
E (334,335)
E (329,334)
E (333,335)
E (347,348)
E (349,350)
E (348,350)
E (351,352)
E (353,354)
E (347,353)
E (352,354)
E (357,358)
E (349,357)
E (186,362)
E (63,66)
E (365,366)
E (187,366)
E (367,368)
E (365,367)
E (369,370)
E (225,369)
E (368,370)
E (58,371)
E (376,377)
E (198,199)
E (253,376)
E (375,377)
E (197,199)
E (59,198)
E (378,379)
E (205,379)
E (380,381)
E (378,380)
E (382,383)
E (192,382)
E (381,383)
E (394,400)
E (400,401)
E (92,95)
E (211,212)
E (406,407)
E (241,242)
E (220,407)
E (405,406)
E (408,409)
E (223,408)
E (227,409)
E (410,411)
E (239,410)
E (232,411)
E (237,412)
E (242,413)
E (244,245)
E (103,244)
E (102,103)
E (64,65)
E (101,102)
E (101,122)
E (122,123)
E (29,123)
E (29,184)
E (184,185)
E (62,64)
E (246,417)
E (98,100)
E (97,98)
E (99,100)
E (418,419)
E (417,419)
E (23,243)
E (420,421)
E (245,420)
E (421,422)
E (71,214)
E (69,71)
E (213,214)
E (423,424)
E (418,423)
E (422,424)
E (247,425)
E (426,427)
E (34,426)
E (136,427)
E (429,430)
E (110,429)
E (428,430)
E (431,432)
E (434,435)
E (363,434)
E (186,435)
E (436,437)
E (12,31)
E (20,436)
E (5,12)
E (5,20)
E (251,437)
E (30,31)
E (252,438)
E (116,117)
E (439,440)
E (273,439)
E (261,440)
E (393,395)
E (394,395)
E (446,447)
E (448,449)
E (445,448)
E (271,450)
E (271,449)
E (451,452)
E (32,451)
E (272,452)
E (13,14)
E (14,453)
E (32,275)
E (453,454)
E (456,457)
E (277,278)
E (458,459)
E (457,459)
E (446,458)
E (460,461)
E (462,463)
E (460,462)
E (463,464)
E (461,466)
E (275,468)
E (469,470)
E (476,477)
E (155,476)
E (289,477)
E (478,479)
E (291,479)
E (481,482)
E (480,481)
E (483,484)
E (485,486)
E (157,485)
E (292,487)
E (489,490)
E (4,489)
E (344,345)
E (307,490)
E (345,346)
E (493,494)
E (495,496)
E (41,495)
E (494,496)
E (497,498)
E (177,493)
E (177,497)
E (499,500)
E (40,499)
E (315,316)
E (173,316)
E (317,318)
E (174,318)
E (173,317)
E (171,312)
E (171,172)
E (170,313)
E (172,314)
E (177,321)
E (311,312)
E (313,314)
E (174,323)
E (321,323)
E (311,315)
E (498,500)
E (501,502)
E (326,501)
E (492,502)
E (509,510)
E (506,508)
E (61,509)
E (507,508)
E (505,506)
E (511,512)
E (330,511)
E (329,512)
E (513,514)
E (333,513)
E (346,515)
E (355,356)
E (356,358)
E (355,532)
E (537,538)
E (536,538)
E (539,540)
E (360,540)
E (327,328)
E (541,542)
E (361,543)
E (544,545)
E (416,544)
E (364,545)
E (546,547)
E (433,546)
E (362,547)
E (68,70)
E (66,68)
E (548,549)
E (188,189)
E (204,548)
E (188,190)
E (58,189)
E (384,552)
E (384,475)
E (553,554)
E (552,553)
E (473,474)
E (555,556)
E (549,555)
E (550,551)
E (371,551)
E (557,558)
E (559,560)
E (558,560)
E (561,562)
E (557,561)
E (372,562)
E (563,564)
E (373,564)
E (221,222)
E (559,563)
E (221,374)
E (568,569)
E (570,571)
E (372,570)
E (569,571)
E (473,574)
E (505,579)
E (402,580)
E (579,580)
E (93,219)
E (218,219)
E (581,582)
E (212,581)
E (93,220)
E (583,584)
E (586,587)
E (215,586)
E (74,210)
E (405,587)
E (74,75)
E (210,211)
E (216,217)
E (92,217)
E (414,588)
E (589,590)
E (414,589)
E (590,591)
E (243,592)
E (592,593)
E (594,595)
E (415,594)
E (593,595)
E (415,597)
E (425,598)
E (599,600)
E (247,599)
E (428,600)
E (601,602)
E (11,36)
E (35,601)
E (137,602)
E (604,605)
E (26,604)
E (603,605)
E (606,607)
E (608,609)
E (607,609)
E (608,610)
E (620,621)
E (622,623)
E (619,622)
E (621,623)
E (431,624)
E (625,626)
E (627,628)
E (248,627)
E (433,628)
E (442,629)
E (631,632)
E (636,637)
E (441,635)
E (631,636)
E (443,637)
E (634,635)
E (8,441)
E (638,639)
E (266,634)
E (266,638)
E (200,266)
E (442,639)
E (18,19)
E (8,19)
E (18,444)
E (640,641)
E (447,640)
E (445,641)
E (642,643)
E (450,643)
E (454,644)
E (125,256)
E (125,279)
E (132,133)
E (133,135)
E (279,280)
E (33,271)
E (33,134)
E (14,129)
E (276,455)
E (276,456)
E (134,135)
E (255,256)
E (455,645)
E (132,255)
E (644,645)
E (467,468)
E (278,646)
E (647,648)
E (642,647)
E (464,648)
E (650,651)
E (465,651)
E (652,653)
E (654,655)
E (650,654)
E (466,655)
E (470,657)
E (658,659)
E (471,658)
E (554,659)
E (472,660)
E (472,661)
E (662,663)
E (475,663)
E (664,665)
E (291,664)
E (290,665)
E (666,667)
E (478,666)
E (482,667)
E (668,669)
E (480,668)
E (483,669)
E (670,671)
E (156,670)
E (484,671)
E (486,672)
E (672,673)
E (487,673)
E (676,677)
E (344,676)
E (675,677)
E (488,678)
E (679,680)
E (488,679)
E (680,681)
E (682,683)
E (684,685)
E (491,686)
E (687,688)
E (686,687)
E (690,691)
E (689,691)
E (689,692)
E (492,693)
E (694,695)
E (693,694)
E (692,695)
E (696,697)
E (326,696)
E (310,697)
E (698,699)
E (61,698)
E (503,504)
E (503,507)
E (702,703)
E (514,702)
E (515,703)
E (704,705)
E (159,704)
E (707,708)
E (706,707)
E (710,711)
E (711,712)
E (710,713)
E (714,715)
E (724,725)
E (6,7)
E (3,7)
E (534,535)
E (533,535)
E (3,534)
E (45,724)
E (45,351)
E (532,533)
E (726,727)
E (729,730)
E (725,729)
E (728,730)
E (731,732)
E (536,732)
E (262,263)
E (263,265)
E (262,539)
E (180,359)
E (359,360)
E (180,328)
E (543,733)
E (674,734)
E (735,736)
E (591,735)
E (84,85)
E (83,85)
E (674,737)
E (738,739)
E (739,740)
E (363,741)
E (742,743)
E (566,742)
E (556,743)
E (471,744)
E (745,746)
E (744,746)
E (748,749)
E (745,748)
E (747,749)
E (281,286)
E (373,751)
E (374,750)
E (567,753)
E (757,758)
E (282,284)
E (759,760)
E (761,762)
E (767,768)
E (574,768)
E (770,771)
E (402,771)
E (90,91)
E (91,216)
E (90,218)
E (773,774)
E (583,777)
E (778,779)
E (585,778)
E (584,779)
E (780,781)
E (246,780)
E (588,781)
E (782,784)
E (784,785)
E (740,787)
E (788,789)
E (738,788)
E (790,791)
E (790,792)
E (185,792)
E (596,597)
E (596,790)
E (789,791)
E (793,794)
E (598,795)
E (796,797)
E (606,796)
E (603,797)
E (610,798)
E (799,800)
E (801,802)
E (803,804)
E (412,413)
E (806,807)
E (805,807)
E (808,809)
E (806,808)
E (432,809)
E (810,811)
E (625,810)
E (624,811)
E (5,208)
E (60,206)
E (60,813)
E (206,389)
E (207,391)
E (207,209)
E (390,391)
E (388,390)
E (208,209)
E (388,389)
E (814,815)
E (633,815)
E (816,817)
E (128,816)
E (630,817)
E (814,818)
E (819,820)
E (818,819)
E (632,820)
E (398,399)
E (398,770)
E (399,401)
E (821,822)
E (510,821)
E (327,700)
E (700,701)
E (699,701)
E (633,822)
E (397,404)
E (396,397)
E (825,826)
E (443,825)
E (824,826)
E (392,403)
E (392,393)
E (403,404)
E (827,828)
E (467,827)
E (646,828)
E (829,830)
E (652,829)
E (649,830)
E (831,832)
E (653,832)
E (465,831)
E (833,834)
E (656,834)
E (835,836)
E (319,320)
E (175,320)
E (43,44)
E (44,319)
E (175,176)
E (41,835)
E (718,719)
E (529,719)
E (321,322)
E (176,322)
E (45,530)
E (528,717)
E (528,718)
E (43,716)
E (716,717)
E (531,723)
E (531,720)
E (722,723)
E (529,722)
E (530,721)
E (720,721)
E (833,836)
E (656,837)
E (838,839)
E (474,838)
E (660,839)
E (661,840)
E (841,842)
E (675,842)
E (678,843)
E (844,845)
E (846,847)
E (844,846)
E (681,847)
E (848,849)
E (682,849)
E (683,850)
E (852,853)
E (854,855)
E (853,854)
E (856,857)
E (855,856)
E (858,859)
E (857,858)
E (688,859)
E (860,861)
E (690,860)
E (491,861)
E (862,863)
E (541,862)
E (504,863)
E (3,396)
E (864,865)
E (705,864)
E (706,865)
E (866,867)
E (708,866)
E (709,867)
E (868,869)
E (712,869)
E (709,868)
E (870,871)
E (715,870)
E (713,871)
E (336,841)
E (342,343)
E (343,526)
E (339,523)
E (339,524)
E (340,342)
E (341,527)
E (337,341)
E (516,517)
E (336,517)
E (42,714)
E (42,522)
E (524,525)
E (340,525)
E (518,519)
E (337,519)
E (522,523)
E (526,527)
E (338,521)
E (338,516)
E (520,521)
E (518,520)
E (726,872)
E (873,874)
E (727,873)
E (728,874)
E (875,876)
E (537,875)
E (542,876)
E (877,878)
E (183,877)
E (733,878)
E (734,879)
E (880,882)
E (880,881)
E (737,880)
E (845,881)
E (736,882)
E (883,884)
E (793,883)
E (783,884)
E (775,776)
E (774,776)
E (885,886)
E (364,885)
E (72,73)
E (70,72)
E (73,775)
E (887,888)
E (565,566)
E (565,752)
E (550,887)
E (750,888)
E (751,752)
E (891,892)
E (755,756)
E (754,891)
E (756,889)
E (892,893)
E (384,755)
E (894,895)
E (283,285)
E (747,894)
E (757,895)
E (285,286)
E (283,284)
E (896,897)
E (761,896)
E (758,897)
E (898,899)
E (762,898)
E (760,899)
E (903,904)
E (572,764)
E (902,904)
E (763,764)
E (905,906)
E (769,905)
E (385,386)
E (386,387)
E (906,907)
E (385,765)
E (908,909)
E (772,909)
E (910,911)
E (912,913)
E (773,912)
E (772,913)
E (777,914)
E (785,786)
E (596,915)
E (915,916)
E (786,916)
E (795,917)
E (918,919)
E (800,919)
E (28,611)
E (615,616)
E (616,618)
E (611,612)
E (612,614)
E (613,614)
E (617,618)
E (613,617)
E (615,918)
E (920,921)
E (798,921)
E (922,923)
E (920,922)
E (802,923)
E (924,925)
E (799,924)
E (804,925)
E (926,927)
E (626,927)
E (928,929)
E (926,928)
E (812,929)
E (930,931)
E (812,931)
E (930,932)
E (933,934)
E (935,936)
E (813,936)
E (937,938)
E (630,937)
E (629,938)
E (620,939)
E (941,942)
E (823,940)
E (824,941)
E (444,823)
E (939,940)
E (943,944)
E (585,943)
E (942,944)
E (945,946)
E (657,945)
E (837,946)
E (947,948)
E (281,947)
E (840,948)
E (843,949)
E (850,950)
E (951,952)
E (851,951)
E (953,954)
E (952,954)
E (955,956)
E (42,955)
E (872,956)
E (957,958)
E (361,958)
E (879,957)
E (959,960)
E (741,960)
E (961,962)
E (959,961)
E (886,962)
E (963,964)
E (908,963)
E (965,966)
E (567,890)
E (964,966)
E (754,965)
E (889,890)
E (967,968)
E (438,967)
E (893,968)
E (969,970)
E (20,969)
E (900,970)
E (971,972)
E (900,971)
E (901,972)
E (973,974)
E (901,973)
E (902,974)
E (60,763)
E (975,976)
E (903,975)
E (573,766)
E (907,976)
E (572,573)
E (765,766)
E (977,978)
E (769,977)
E (577,578)
E (387,578)
E (979,980)
E (662,979)
E (978,980)
E (575,576)
E (576,767)
E (575,577)
E (981,982)
E (911,982)
E (983,984)
E (981,983)
E (985,986)
E (582,985)
E (984,986)
E (987,988)
E (241,987)
E (914,988)
E (989,990)
E (782,990)
E (991,992)
E (787,991)
E (794,992)
E (917,993)
E (994,995)
E (619,994)
E (996,997)
E (995,997)
E (998,999)
E (996,998)
E (1000,1001)
E (999,1001)
E (1002,1003)
E (932,1003)
E (1004,1005)
E (1002,1004)
E (934,1005)
E (935,1006)
E (1007,1008)
E (933,1007)
E (1006,1008)
E (949,1009)
E (950,1010)
E (1011,1012)
E (685,1011)
E (1013,1014)
E (851,1013)
E (1012,1014)
E (1015,1016)
E (852,1016)
E (1017,1018)
E (1019,1020)
E (1018,1020)
E (1021,1022)
E (565,1021)
E (1023,1024)
E (1019,1023)
E (1022,1024)
E (993,1025)
E (1009,1026)
E (1010,1027)
E (1028,1029)
E (568,1028)
E (753,1029)
E (1025,1030)
E (1026,1031)
E (1027,1032)
E (1030,1033)
E (1031,1034)
E (1032,1035)
E (1036,1037)
E (1033,1037)
E (1034,1038)
E (1039,1040)
E (953,1039)
E (1035,1040)
E (1038,1041)
E (1041,1042)
E (1043,1044)
E (848,1043)
E (1042,1044)
