180
38.542770511351016 39.86040981554645
15.491494992507153 12.447183907959825
15.524592401194987 12.629175599075742
38.481093902529956 40.40986863427932
11.59005199164325 25.788322248319435
38.474994019049404 40.22966252068257
38.47476294898219 39.82456740622038
38.47026344573028 39.80402357691888
38.47035622898123 39.85028827704381
38.407935636427496 38.318332132045455
24.58736956617023 33.7917717905643
24.71141894203003 34.44675349470149
24.712716449976746 34.34512852100623
36.42610623301975 11.590759778462246
15.433571160327157 12.75458207534662
29.97270298076799 23.28701137234333
15.174129619726262 26.020126299186995
38.466759828890176 40.325015909746696
38.466143489374026 40.27806187184933
37.59647390697203 33.74887533321202
37.491620361354805 33.33579597861856
37.221146293260574 32.79147791732701
37.69462322920632 33.955197065963496
37.852025864789525 34.4272655325709
38.4532900099688 38.53892257854275
38.470772781875816 39.20506281933347
38.44795585885563 39.106535902148536
16.525953454520508 26.10190320844266
16.001324390793148 26.09911095313838
15.289805553005042 26.026165459345947
15.734494937498358 26.078246413219563
13.22492040886865 25.678095632776923
13.843060117863956 25.833311049427508
14.01170333509809 25.861763165794045
11.785583841932121 25.216770002440345
11.61661059223691 25.109441024456945
12.178765551028542 25.393549323008454
12.419721661138247 25.454008432330774
12.536624165063484 25.500223060519513
10.787153576484215 24.898397800381765
29.33650196438414 23.502654391192443
36.69117606324885 14.741357553909198
15.747342879154347 13.19422779725587
24.76457529893956 34.694968594741
24.740207449451297 34.61503559760266
24.921134921409728 34.977065790744795
24.846291466027438 34.841332932561336
24.851768648606985 34.86148282638221
36.52610513150146 31.48170671487793
37.9541995031968 34.94689634092406
38.0048491601624 35.059439605470814
38.19450672310224 36.17605271115106
38.19317339965959 35.88492854461154
38.3147747095054 36.74573512225453
38.31362461763262 37.05773373524371
38.394084167696555 37.669197234548356
38.390435893925 37.65377048731612
31.207889937119006 22.97093023247443
32.265955681534635 24.86329752214116
33.093009722869716 26.04499399418456
35.9115854125119 30.341755219659287
36.124314188412725 30.732486979061555
36.22510393646229 30.87144101068063
24.074919449137713 31.755143415129737
24.327709921815522 32.550125240779515
24.548300466174787 33.7093667248005
24.369062345578595 32.956664666269084
22.719301006497716 25.17232631836424
22.429327693813846 25.089446789260897
19.10750813129577 25.858082678358706
13.15230959100559 25.66872501437416
12.973047727389734 25.629338866256333
11.389973361178178 25.00068854174345
11.368042477116965 24.992201461098833
35.64619034769986 29.980707793253142
35.1043297053774 29.22492338766939
37.16767653584134 32.63999631777457
36.614648034445935 15.37752806993652
36.04846542035598 17.059272054642083
36.719904026604674 14.401769616780104
36.69486451336475 14.588570038243938
36.73410264407808 14.229412850960921
36.734638969351536 13.875230906183793
15.738430542333495 13.15871310658586
15.570349210655419 12.752180345082527
15.571834565404275 12.799520411294585
14.101574101735931 25.871273252731164
14.677335255648888 25.95224169517227
14.383151691783144 25.92604229222296
18.71896247744339 17.332324049998235
16.6277787289138 14.695920731767025
33.7560684368081 27.223924775281823
34.51894041929243 28.407929607032205
34.221696758092406 27.859360628571814
31.580002690929152 22.595314146252733
23.885781413819185 24.906183651650416
25.522749274010135 24.5785347601129
24.855824519650618 24.739873759525437
27.249895152248605 24.132955588642425
23.085895741886013 27.50228077321477
23.058886882424343 27.277256249923628
23.547765817269216 29.87639017004099
23.932891190386922 31.035498770026347
20.296271145022633 25.639483237432664
21.923164405855626 25.233094747760155
18.029041952851458 26.000786502911723
18.530002226919862 25.911569671056064
17.18379010977321 26.075436118985817
16.817745673388377 26.07426751932294
11.016112417384615 24.744844363699674
10.935380227697781 24.894730552593767
11.233809585456264 24.9230551567792
10.753637029299695 24.57619005424858
35.52854925958391 29.754981306346018
35.17738402989395 29.297181751498194
36.879112123564354 32.141776604380276
36.90945979987695 32.184389912101736
36.59626368210486 31.575221917738787
34.922730335551435 18.897410551109523
35.95914507584045 17.289232864321747
36.19443274386657 16.754448708987127
36.665963997927484 13.26201943503134
36.66748117211189 13.376755009884295
36.66172931087503 13.22620024477936
36.588028385767586 12.823150978152402
16.3983031651729 14.379289882904809
16.266087538336283 14.103980334749377
15.641157493533644 12.617346210865485
17.08059224705182 15.40874925287895
18.31510890503162 16.936825034015683
18.133442805157397 16.689081545996537
16.756142826955145 14.95440722691404
17.07945244764415 15.40757574486739
32.29193712964286 21.953304168244355
34.56679689345853 22.123927473721963
28.89630696468444 23.611180462246566
27.57377595786318 24.01801055534127
25.772976706988892 24.53583520413672
26.339658240809698 24.396136777574824
19.773500570890924 18.693090033072934
19.08497985507525 17.808927626455016
19.27375448264591 18.001104743046486
20.89120112152486 20.657089951245855
20.19664730330585 19.389835986892713
19.938212068938753 19.002268053805153
21.470914557905324 22.107809447952654
22.209017579115738 24.37596928396572
21.70583544660514 22.91760810029147
32.776996097563895 21.47272073403287
33.30591787503344 20.989434138719517
33.26585227277938 21.040344694742053
33.35899811797644 20.929583223413808
33.62996878595348 20.57386871351648
35.23244356760292 22.590171889528268
34.26724117207615 19.782412280874528
34.120473362571154 19.948495765190987
34.86205232184326 18.970346238059992
35.40546343522227 18.241582913837384
35.677187652029296 17.825216847206296
36.51578667434354 15.802334920698655
36.38910297097355 16.22330648721922
36.537592401666004 12.571410547840058
36.48822660958186 12.350821506694512
16.12125555893355 13.896386477243015
15.967393992466548 13.611325854003907
15.969084638858558 13.613596387476697
17.888009216113748 16.447474900095667
17.586618672361787 16.052244326602146
17.51209217583763 15.980544551887593
33.47583576894691 20.765585800875265
33.62508643872377 20.579204166651643
34.236870680295354 21.33363817498395
36.56188584621501 12.73056527064114
36.54725091085888 12.657139405117821
36.35091130200978 11.759313976484417
36.28403530594566 11.532902815103483
36.39494651281287 12.075421525972102
36.364823014002596 11.927335534226405
36.27485295418085 11.514792803921006
35.954642025269166 10.640395661860474
179
1 20.38196219348673643
0 60.3820906624343436
5 80.6874951025647992
6 80.7673828431622413
17 180.4456354127485902
3 170.3155379011615423
5 180.5989500135822061
6 70.9114649618848855
19 200.9114649618848855
20 210.9114649618848855
7 250.9114649618848855
25 260.9114649618848855
32 330.9389374688135684
4 360.1924720388688839
34 360.7693638315959329
36 370.8346034816864697
37 380.8818306239046667
43 440.7833718066808132
28 300.9507223785506675
27 280.9507223785506675
11 440.7833718066808132
16 290.9507223785506675
29 300.9507223785506675
9 240.9114649618848855
24 260.9114649618848855
45 470.4506654943838604
43 460.7833718066808132
46 470.662201017876262
49 500.9114649618848855
50 520.9114649618848855
51 520.9114649618848855
19 220.9114649618848855
22 230.9114649618848855
23 490.9114649618848855
11 120.7833718066808132
51 530.9114649618848855
53 540.9114649618848855
54 560.9114649618848855
9 550.9114649618848855
55 560.9114649618848855
48 620.9114649618848855
61 620.9114649618848855
63 640.7833718066808132
64 660.7833718066808132
10 120.7833718066808132
10 650.7833718066808132
70 710.8973195414499223
31 320.9389374688135684
31 700.9229831893479489
38 710.894385296126467
34 350.7159565404983923
35 720.6612542964710265
72 730.6216382936966093
60 610.9114649618848855
60 740.9114649618848855
41 770.9685662805939695
41 800.9685662805939695
79 800.9685662805939695
79 810.9685662805939695
81 820.9685662805939695
14 850.4054547300815613
42 830.8605547555325785
83 850.8605547555325785
2 840.506943858844737
84 850.738548036883477
33 860.9504416133861681
86 880.9507223785506675
16 870.9507223785506675
87 880.9507223785506675
91 930.9114649618848855
92 930.9114649618848855
15 570.9881331893889552
15 400.9943967153399947
57 580.9114649618848855
58 590.9114649618848855
59 910.9114649618848855
75 920.9114649618848855
99 1010.7833718066808132
99 1000.7833718066808132
101 1020.7833718066808132
67 950.9507223785506675
67 1000.7833718066808132
95 970.9650649299427579
63 1020.7833718066808132
103 1040.9507223785506675
69 1030.9507223785506675
67 680.9507223785506675
68 1040.9507223785506675
65 660.7833718066808132
69 1060.9507223785506675
105 1060.9507223785506675
105 1070.9507223785506675
27 1080.9507223785506675
107 1080.9507223785506675
109 1120.3118439169982511
109 1110.3873151799253011
110 1110.21856600606204243
73 1110.5469562118131068
39 1100.11459509307027287
21 760.9114649618848855
76 1160.9114649618848855
115 1160.9114649618848855
48 1170.9114649618848855
115 1170.9114649618848855
78 1200.9685662805939695
78 1190.9685662805939695
82 1220.9598524942430985
121 1220.9452696222470093
121 1230.9133721677135751
123 1240.9080928934457606
89 1290.8605547555325785
129 1300.8605547555325785
131 1320.8605547555325785
90 1310.8605547555325785
90 1250.8605547555325785
57 940.9881331893889552
94 1330.9881331893889552
113 1140.9114649618848855
75 1140.9114649618848855
135 136inf
40 1350.994958466929453
98 136inf
137 1380.9776638404562114
74 1130.9114649618848855
98 1380.9908263998302639
96 970.9776638404562114
96 1370.9776638404562114
89 1400.8605547555325785
140 1410.8605547555325785
142 1430.8605547555325785
139 1440.8605547555325785
139 1410.8605547555325785
145 1470.8605547555325785
146 1470.8605547555325785
68 1460.8605547555325785
142 1450.8605547555325785
143 1440.8605547555325785
148 1500.9881331893889552
149 1500.9881331893889552
133 1480.9881331893889552
134 1500.20686265528442746
134 1530.17911349678893257
154 1560.9685662805939695
154 1550.9685662805939695
152 1550.9685662805939695
157 1580.9685662805939695
118 1570.9685662805939695
118 1560.9685662805939695
119 1580.9685662805939695
159 1600.9685662805939695
77 1590.9685662805939695
120 1600.9685662805939695
161 1620.7860121174680896
163 1650.8605547555325785
164 1650.8605547555325785
125 1260.8605547555325785
126 1630.8605547555325785
42 1640.8605547555325785
166 1670.8605547555325785
167 1680.8605547555325785
130 1660.8605547555325785
128 1680.8605547555325785
128 1320.8605547555325785
149 1510.9812264720605255
151 1690.9685662805939695
152 1700.9685662805939695
151 1710.1153368531267513
169 1700.9685662805939695
172 1730.8650450680401461
124 1720.8929686558280112
161 1730.8298231832216864
13 1740.209169781353589
174 1750.49764015910965886
176 1770.6999965948577823
162 1760.7534841713080483
174 1770.6363818969538084
84 1270.33105715489900506
178 1790.28425013795157866
175 1780.3522587656599807
