128
33.51008110657549 28.86628599848927
33.52958336110007 28.77625140946664
34.07836513219547 29.40640219693163
33.56707611239666 28.4328997310405
33.47169869632701 29.21668689170099
33.44114558885273 29.34060876906337
33.58027619834125 28.36642442152308
33.59260238209108 28.22775554535752
33.42354587017272 29.46994236270926
33.62300039003794 27.99171381988248
33.62055567304125 28.04474774121107
33.30804396021196 29.98852629760752
33.254559142628 30.47587703815959
33.6545115864807 27.72199942805892
33.6324907577577 27.51805184783002
34.20830979132778 27.5223689132615
33.20148923310421 30.72363690239726
32.81350143391982 26.75163808690456
33.93997922916725 27.6063488994244
33.26441672220228 27.10729698279482
33.14419979597818 31.86176883042809
33.14344619959856 31.21665201965389
33.63146839833225 27.45855644520751
33.67525204348669 27.26382911211812
33.84686418384442 27.09559592446834
33.67121655060849 27.11044882532113
33.87592285596983 27.061394201902
33.13158506408348 31.4531977196314
33.40675548018912 26.06765564333902
33.68255418072459 26.92385134492752
33.71831705670877 26.76091106625917
33.44813535121578 33.5323938149986
33.97307902902233 26.0351795395242
34.08591481630756 25.54978261279111
33.1398496128249 31.95260989411252
33.71920676416751 34.63595339694804
33.16595174936702 32.35976132760224
33.20237558963699 32.58225965861131
33.91515713831329 35.46668413475074
33.55533752624179 34.13093654713
33.97830129536516 35.93047417758662
33.97776481570581 36.42101011129469
34.56137871258085 36.67893075263445
33.97087167857216 36.46912544620105
33.89900660243814 36.66800992501711
33.88973829923791 36.71392041526965
33.77977238388314 37.04539776323813
33.61586224925837 37.39055858225881
33.36514600938735 37.79157717115642
33.02107748162743 38.21844442566571
32.52088098971957 38.68660643600951
32.2540807629112 38.87153500783035
31.98195895523434 39.14209119732962
31.38454636194294 39.57382126165328
31.01058614779345 39.76180199409872
30.77074693283143 39.93609663989132
30.45213937394449 40.1073827232813
30.26721571545391 40.24760347812217
29.93101720154968 40.4235339385906
29.7592685043694 40.55073570459665
29.53778669812451 40.64640725010657
29.38944921093011 40.7387541248976
17.9189111977506 20.36025604817557
17.54171011347283 20.9896109975388
29.3189876811078 40.80525909112628
17.13279619868237 21.67258687929285
29.09573271131417 40.92820991031879
18.25462856689956 19.84615088127174
15.96709637270813 25.30195854546383
18.71980366181932 19.25677671582586
29.03378925498871 40.98858233670903
28.86102994956463 41.08581453651077
16.12674283456627 24.58798323511993
15.82378008026086 25.71151629942274
19.16908526559242 18.81509826243482
16.22195043027359 24.07318495257106
16.16782806794716 24.26334419770065
15.56103979320018 31.60986516563725
15.09669953712095 31.41599393455688
19.29411451173662 18.71430830090776
15.02311561122647 31.75994311022234
19.70611674106607 18.47241251942918
15.09414645555046 30.83396666375452
15.09709498580096 31.21380986857365
14.7975490132877 32.68877705236504
20.45471193128358 18.14274212779663
14.68415357889215 34.74721123670688
19.68424471180277 18.4779120270831
15.6637445992973 26.65136040560406
14.88680849939346 35.05455017527469
19.41198308947456 18.59358576748727
14.62058237139046 34.55674364973809
14.30981104701601 34.8801128161602
19.74017560197082 17.81340697301345
15.03222843971366 29.9908997307505
19.422343044875 18.55240512815906
18.98672637602014 18.9338836953592
15.25839234152073 28.36599595143276
18.93895122759198 18.71038163101397
18.91730781126035 19.00386945396743
18.54198991312948 19.43051803599534
16.30990053995593 23.49042326548483
16.37135238441756 23.28693406868699
14.58542776777953 34.49113667346379
18.4226310119753 19.57995728475559
15.4180720696882 27.35239138126709
18.26844049618945 19.81906941123398
17.95242595622189 20.29696547232849
16.71402721407041 22.44305996835049
17.64194397424126 20.78940415787424
15.15564287155896 28.67171489351847
17.27612902961134 21.39646549647125
17.01369190126634 21.85008190266024
16.40285999066523 23.1129206386963
16.7853742315717 22.26654367262136
15.02104690384707 29.36569969389336
14.58002847261229 34.45606216842758
16.47963042794787 22.90739894465181
15.96723718821552 23.01431909157402
15.01111377052621 29.45760946602589
15.01079102472811 29.84442192507938
14.60960073757868 33.73111039878567
15.03044020206185 30.40430046945844
15.09289442750765 31.18564218907312
14.60801989090911 33.71373956945352
14.88282869202168 32.17778088138509
14.69022875258578 33.04361346850514
14.63196943288013 33.37913697821122
126
0 1 1.53296
0 4 1.47364
1 3 1.54839
2 4 0.141793
3 6 1.50302
4 5 1.38963
5 8 1.30895
6 7 1.41648
7 10 1.38615
8 11 1.2908
9 10 1.30459
9 13 1.2663
11 12 1.28546
12 16 1.26186
13 14 1.08861
13 18 0.231254
14 22 1.02308
15 18 0.162626
16 21 1.24751
17 19 0.1843
19 22 0.251975
20 27 1.25219
20 34 1.23095
21 27 1.26096
22 23 0.805684
23 24 0.254171
23 25 0.583545
24 26 0.171064
25 29 0.51674
28 29 0.173807
29 30 0.379637
30 32 0.293031
31 37 1.20679
31 39 1.3472
32 33 0.234615
34 36 1.17556
35 39 1.37641
35 38 1.50516
36 37 1.15131
38 40 1.52656
40 41 1.51449
41 43 1.56868
42 43 0.226027
43 44 1.40375
44 45 1.2956
45 46 1.23291
46 47 1.22132
47 48 1.24228
48 49 1.29652
49 50 1.38265
50 51 1.43316
51 52 1.39741
52 53 1.47069
53 54 1.55654
54 55 1.54655
55 56 1.55232
56 57 1.52427
57 58 1.48922
58 59 1.46301
59 60 1.33195
60 61 1.27379
61 64 1.13317
62 109 1.49885
62 107 1.49587
63 111 1.5182
63 109 1.504
64 66 0.949772
65 111 1.50629
65 112 1.54553
66 70 0.748237
67 107 1.48006
67 106 1.44414
68 73 1.3984
68 72 1.33358
69 100 1.29653
69 99 1.24547
70 71 0.53007
72 76 1.27294
73 88 1.4551
74 96 1.02149
74 79 0.973004
75 76 1.35015
75 101 1.36604
77 78 0.225402
78 80 1.2261
78 83 1.35688
79 90 0.899241
80 125 1.2271
81 87 0.431123
81 85 0.313858
82 123 1.57019
82 122 1.53512
83 123 1.47395
84 126 1.22651
84 125 1.21287
86 91 0.650193
86 89 0.458539
87 90 0.554505
88 105 1.56841
90 95 0.398517
91 103 0.780732
92 103 0.377919
93 95 0.281863
94 122 1.5075
94 120 1.44033
96 99 1.18946
96 98 0.220069
97 105 1.45063
97 110 1.40103
100 104 1.35584
101 102 1.39935
102 113 1.46013
103 116 1.10139
104 106 1.38812
108 114 1.56462
108 117 1.54963
110 115 1.37232
112 114 1.53935
113 117 1.55756
113 118 0.189991
115 119 1.33652
116 121 1.14308
119 120 1.37217
121 124 1.14345
124 127 1.24132
126 127 1.22364
