1078
87.0592 102.597
92.833 91.0955
84.895 101.926
89.0947 93.4518
84.3001 85.7228
99.7599 126.457
98.6144 127.578
99.0543 127.138
98.596 127.596
98.1842 128.008
98.0519 128.136
99.912 126.315
68.6804 106.272
97.5735 128.62
84.0884 120.086
90.4542 124.986
100.352 125.888
100.874 125.4
71.9067 110.156
84.3298 120.299
70.618 109.796
71.3939 112.117
71.9817 113.9
95.8192 129.327
85.2663 122.818
83.18 121.67
72.2535 114.328
72.138 114.069
71.9408 113.98
71.8151 113.217
97.75 128.438
71.7733 113.15
97.4526 128.741
71.3933 112.115
70.8858 110.959
70.7121 110.36
70.6166 109.79
70.3189 109.182
70.2505 109.014
69.1504 107.051
79.5598 123.289
84.2354 125.628
68.9008 106.671
67.027 110.355
79.0361 123.1
67.8564 103.875
68.2246 107.246
66.8209 101.143
83.9026 125.482
66.8013 101.096
97.1031 129.103
63.0747 103.008
62.6199 103.516
85.0966 129.709
61.6914 104.429
81.6781 128.616
63.6507 102.44
78.6569 127.564
61.4319 104.649
77.1821 127.08
66.2432 99.5696
79.3888 127.887
60.5476 105.523
82.2279 128.826
60.0874 105.904
96.9379 129.268
96.7905 129.421
59.4608 106.534
77.2863 131.898
58.3993 107.396
75.8762 131.629
57.4574 108.156
79.015 132.393
105.393 121.009
66.3182 99.1943
85.0441 133.5
88.1247 133.926
56.2876 108.905
54.9653 109.66
84.2557 134.5
66.7801 97.0363
66.4016 98.8497
66.9515 96.0928
67.0341 95.947
61.1163 96.7346
67.3583 95.3375
58.3346 107.436
57.5127 97.0567
53.8941 110.395
56.5918 108.662
78.6649 135.603
56.2856 97.1359
55.3816 109.361
53.4823 110.691
75.5393 136.388
55.3003 97.1581
77.3229 136.018
54.812 109.722
53.8456 97.1007
53.1894 110.888
54.1735 110.129
96.4586 129.753
67.5158 95.0224
53.5789 110.595
52.2735 111.388
52.9712 110.953
69.2267 91.8829
68.6148 90.4667
96.4399 129.772
51.2831 112.044
52.3319 111.327
65.5527 87.8329
51.7471 111.624
50.8228 112.496
84.7999 139.279
69.5443 91.2693
59.0628 96.8653
51.2607 112.053
52.0659 97.0391
75.9594 89.0455
55.8746 97.1292
50.4552 112.804
50.7013 112.544
82.5322 139.999
78.9206 87.9251
53.5859 97.0655
50.2394 112.84
50.7733 97.1586
81.4791 140.407
51.9765 97.0226
79.1724 87.8365
88.8482 83.6704
87.5959 78.6986
80.6338 87.2705
77.9157 141.817
92.8996 86.2412
58.7727 85.5746
68.4189 90.2852
49.7324 97.308
51.1779 97.0351
78.4654 141.665
85.8406 73.4765
66.1074 88.2769
56.4955 85.5698
51.1119 96.8631
80.7867 140.739
48.9177 97.2915
65.5132 87.7987
85.1715 139.181
50.1683 97.2019
48.7634 97.2567
54.2756 85.5471
84.9805 71.2109
64.4974 86.9896
96.0133 130.339
48.7376 97.2478
48.0224 97.2004
63.3061 86.1225
52.4109 85.4386
94.7619 87.4359
59.6666 85.6294
52.156 85.3759
88.8202 142.882
47.5062 97.0443
46.6885 97.058
83.6073 67.8993
59.7787 85.6417
52.6321 85.4704
82.1093 145.667
62.8722 85.8369
46.5081 96.9975
79.3055 146.781
45.6548 97.0178
51.2877 85.1843
62.5808 85.3119
62.0968 84.3692
60.5503 81.742
56.6053 85.5641
59.625 80.4005
58.8326 79.0087
81.0898 146.137
53.7221 85.4841
45.7154 96.9978
45.476 97.0183
50.2224 85.0946
58.4318 78.4119
82.6632 145.475
58.6984 77.6603
45.3454 96.9866
52.045 85.3329
69.782 68.9349
73.1426 67.6732
75.0189 67.1721
44.8309 96.9921
91.5825 141.828
48.8324 85.014
58.0717 78.0571
44.7492 96.9642
51.2439 85.1689
57.7039 77.5752
51.1902 85.0313
43.7285 96.9719
43.7062 96.9933
99.8558 90.6024
98.9322 89.9957
108.204 74.9186
106.601 78.278
100.354 90.9696
96.4006 88.3942
95.6266 130.869
102.999 78.1269
105.31 84.9784
94.3341 87.1544
56.6113 76.4805
82.1473 64.4809
56.405 76.2077
50.0517 85.0576
101.692 91.9261
43.0143 96.9884
92.0501 85.6369
103.343 93.1847
112.015 77.4053
47.6558 84.9808
96.9346 79.8138
110.024 81.8116
103.968 93.6804
99.4392 76.665
82.2526 149.141
55.8593 75.9721
91.7062 85.4173
110.856 114.368
95.4204 131.14
101.063 125.228
94.8469 132.067
56.1801 75.9684
89.2075 83.8835
94.3673 132.813
104.134 122.344
94.1236 133.336
48.687 84.9702
112.022 81.8649
82.2865 64.8157
93.8769 133.899
105.342 94.8904
86.5384 147.127
88.5483 82.2368
46.7646 84.9245
93.5795 135.298
104.557 121.935
108.408 97.7571
93.5716 135.341
56.0538 75.9047
113.71 136.446
88.4387 81.7537
113.281 135.657
93.2729 136.813
116.58 79.3382
104.665 121.819
116.866 78.8547
70.7279 64.1354
56.2127 75.8564
93.1401 141.197
88.3044 81.2048
107.01 119.273
46.5386 84.8518
47.5265 84.9351
93.3396 142.764
93.4208 143.565
113.807 87.3482
88.0802 80.3525
107.475 120.045
116.403 134.442
87.881 79.6453
55.0839 75.1533
55.4865 75.3717
107.18 119.071
72.966 63.2141
83.07 151.095
111.311 91.7861
45.8227 84.7292
46.5236 84.8435
87.5325 78.4675
93.7618 145.558
109.805 115.872
108.451 97.7993
87.1932 77.3119
109.719 99.2394
53.858 74.2919
54.4329 74.4964
89.1851 148.046
118.556 132.384
110.936 100.658
86.9853 76.6504
118.278 131.768
80.2502 59.7301
120.523 85.3977
94.0444 146.651
44.7415 84.7002
45.639 84.6402
86.7488 75.9456
53.1481 74.0051
53.579 74.0312
110.217 115.319
120.286 85.9272
94.0016 146.536
110.381 115.091
86.2737 74.6177
44.3498 84.7606
44.9109 84.6304
115.183 122.485
71.0209 62.1275
44.7228 84.6981
122.026 81.0008
84.0661 153.11
94.679 148.443
85.4987 72.4862
117.929 126.567
112.252 112.331
67.8857 63.0863
83.8021 153.315
85.2649 71.8553
122.2 80.6595
87.5186 70.0168
113.647 110.244
87.5361 150.975
95.6465 151.289
120.787 84.7282
71.758 61.9778
113.495 103.539
85.2 71.7013
123.664 129.104
93.0342 147.232
124.464 130.467
113.515 103.566
83.8607 68.4859
97.4817 155.509
114.917 105.499
120.359 122.304
94.1725 147.035
124.45 86.7126
120.205 122.009
80.2792 59.8205
102.064 155.647
82.6878 65.5528
115.482 113.442
95.2754 150.295
126.694 82.0065
114.273 109.114
98.3616 157.604
86.1303 63.6317
114.529 108.638
80.1283 59.1425
125.854 83.9131
95.5519 151.087
90.6504 61.1962
125.008 85.4617
115.067 107.604
114.931 105.518
121.064 116.669
86.9239 157.106
104.221 156.604
69.7457 58.2553
115.42 106.266
87.4462 62.8261
115.451 106.822
115.589 106.531
86.7638 157.237
121.048 151.109
66.7279 59.1283
122.062 152.368
107.786 154.923
88.1199 62.3464
123.208 154.014
115.797 106.523
122.007 150.254
121.84 149.581
123.276 154.152
123.356 154.347
89.895 155.172
128.713 86.0501
123.183 116.289
122.301 154.931
81.702 63.3144
118.648 152.6
71.4631 57.9479
119.305 105.968
120.31 112.074
99.02 159.398
96.7789 153.962
118.967 152.85
124.109 155.964
125.198 96.278
127.852 121.366
124.281 156.301
128.33 121.916
80.1255 59.1262
99.5028 160.961
119.263 154.67
73.8873 57.3708
124.531 156.652
122.067 114.175
132.07 84.9864
98.9482 159.22
117.956 109.06
126.484 151.674
125.317 148.106
131.644 85.5695
117.294 154.042
106.626 158.754
86.7697 56.9171
117.949 109.052
130.547 87.6307
125.844 149.336
121.1 112.1
79.3495 56.3793
121.938 101.815
92.212 54.9935
117.297 106.297
100.02 162.809
119.416 105.951
123.054 156.158
100.346 164.264
119.154 105.994
127.434 156.699
86.8076 56.9018
127.835 158.49
132.868 89.3262
133.121 156.091
100.562 165.093
119.367 105.959
79.2049 55.3382
101.875 170.41
132.758 89.501
119.777 105.922
138.456 159.583
133.896 155.515
129.581 93.9158
102.097 171.234
128.011 95.9527
79.1413 54.727
123.659 101.309
119.922 105.922
79.104 54.4554
92.147 170.797
120.081 105.919
134.018 155.42
120.069 105.921
121.358 105.642
90.5374 170.576
121.998 107.362
124.64 109.275
79.0907 54.3258
137.679 159.136
88.5843 170.375
79.0393 53.5708
128.316 100.471
130.973 113.695
127.513 111.318
131.766 114.208
86.5947 170.17
134.296 115.749
129.445 99.5786
136.479 153.909
79.0033 52.5
138.611 118.388
135.917 94.8365
79.004 51.6699
86.2754 170.143
135.35 116.334
125.725 110.033
139.324 92.6909
133.378 96.6167
135.903 154.188
85.9129 170.138
139.377 92.6477
78.9981 51.5
125.113 102.887
121.826 105.456
120.896 105.811
78.9981 50.5
134.446 149.71
84.9797 170.123
135.293 112.756
141.208 115.583
133.996 148.167
141.99 115.876
137.895 113.891
137.68 97.8208
83.3121 170.112
121.009 105.787
134.129 148.695
141.45 95.5981
78.9995 50.4605
141.641 112.911
78.9995 49.5
81.8729 170.112
140.064 112.146
141.235 95.6969
135.754 99.0958
128.716 103.327
125.284 106.662
135.452 154.385
133.318 102.182
81.4898 170.109
135.335 101.647
135.06 108.395
144.099 110.703
135.267 108.444
140.957 109.575
129.281 107.3
142.847 110.13
123.189 106.209
79. 49.4845
122.272 105.336
79. 48.5
124.634 104.648
127.664 103.69
141.163 100.093
130.893 102.824
80.96 170.099
134.503 101.889
144.28 99.0847
140.002 100.48
137.538 153.436
142.677 99.7216
79. 48.5
79. 47.8119
80.0749 170.099
135.429 154.397
116.984 50.7193
117.066 50.7652
116.255 50.2077
117.845 50.9846
115.818 49.8628
119.402 51.737
115.321 49.4765
118.739 51.3327
113.866 48.1343
114.822 49.0723
76.8673 47.4579
69.3971 45.7028
138.594 152.989
80.0053 170.11
111.775 45.8144
121.319 52.577
110.721 44.1744
119.135 51.4336
79.8567 170.181
119.468 51.5881
112.725 46.9656
132.627 156.383
72.4453 46.5389
80.7231 170.126
140.574 152.065
66.7207 44.8648
113.013 47.2902
119.672 51.6231
81.4136 170.117
112.085 46.2349
131.468 157.016
81.8822 170.114
120.397 51.9319
111.964 46.0731
69.2496 45.6729
79.0559 47.5
83.1176 170.127
111.145 44.7904
120.477 51.9769
143.025 150.668
84.5604 170.145
79.1998 46.5
143.839 150.12
113.324 47.6021
79.3081 45.5
85.8594 170.141
114.378 48.6487
87.0801 170.242
117.308 50.8624
110.534 44.2267
79.3593 44.7971
143.787 150.15
142.151 145.944
121.404 52.3543
89.0103 170.432
79.3908 44.5
79.4307 43.9334
121.826 52.4291
130.239 157.763
70.1149 41.548
122.127 52.4296
95.7714 171.408
122.489 52.4883
116.477 50.3416
123.485 52.4849
67.9397 40.8336
115.854 49.8837
149.89 146.221
123.871 52.4197
115.217 49.3698
114.437 48.694
69.2228 41.208
79.5091 43.515
124.5 52.4262
113.869 48.1367
125.324 52.3009
147.331 147.965
110.391 43.4871
113.363 47.632
125.5 52.2961
120.067 50.5519
126.5 52.1119
99.6582 171.94
153.461 144.445
112.873 47.1099
91.102 38.0819
112.407 46.5509
126.527 52.1027
148.041 145.125
127.282 51.8979
79.6228 42.7599
111.945 46.0389
109.939 42.4644
111.586 45.4222
148.954 146.83
97.4321 173.526
127.5 51.8657
111.169 44.8151
128.261 51.6444
151.147 145.366
90.1774 37.6152
110.756 44.2106
79.7081 42.0113
109.459 41.3825
128.519 51.5998
110.429 43.5404
130.976 52.3512
71.3553 38.7123
110.155 42.8023
93.5704 176.363
151.03 143.264
129.458 51.311
151.586 145.094
151.509 144.747
69.2479 38.0475
109.506 41.5191
109.86 42.0411
129.728 51.1916
79.7115 41.9882
109.669 41.6702
80.0904 40.3514
130.257 51.0019
152.645 144.756
150.998 143.138
91.1986 178.292
130.558 50.8529
71.8673 35.5916
88.3939 32.7651
130.569 50.8451
150.762 145.628
132.027 50.8193
89.4091 179.76
69.9311 34.9721
130.77 50.7222
87.4585 32.2375
76.0064 37.3392
131.231 50.3942
155.614 142.457
80.3669 38.8995
131.675 50.1237
76.296 36.3736
88.1142 180.884
131.926 49.9057
132.329 49.604
155.991 141.547
80.4581 38.6139
80.4681 38.5874
134.442 50.3059
87.0126 181.862
132.527 49.4353
88.3008 30.0529
148.77 146.974
134.974 51.0041
80.815 37.7471
85.5735 182.934
133.096 49.0133
81.155 36.9909
81.4939 36.1678
133.531 48.7366
147.094 148.121
84.3759 183.55
77.3672 32.693
75.6924 31.8127
133.603 48.6641
85.0794 183.279
133.93 48.2903
85.8078 182.843
81.8623 35.3244
85.8895 182.802
86.6142 182.275
82.175 34.7542
134.16 48.0562
87.5526 181.446
145.712 149.037
88.8883 180.268
82.3788 34.2863
91.1058 178.378
134.716 47.4074
95.0232 29.2774
134.871 47.2006
97.1846 173.717
129.359 158.27
136.974 153.701
128.78 158.634
138.13 153.198
155.244 143.113
138.75 152.93
89.0926 25.7582
134.787 162.018
139.469 152.621
140.149 152.294
140.795 151.964
135.049 46.9951
141.568 151.568
134.067 161.652
99.8424 171.895
142.314 151.138
128.701 158.674
127.947 159.098
142.853 150.79
95.2027 29.3612
127.754 159.26
143.396 150.43
82.5146 33.9443
155.327 143.866
135.147 46.8673
144.074 150.009
127.501 159.46
93.5518 182.421
144.745 149.648
135.427 46.5516
145.473 149.203
127.368 159.561
82.6268 33.6846
146.151 148.77
82.682 33.5648
104.731 173.063
126.488 161.314
135.843 46.0109
154.945 143.884
147.24 148.029
125.758 162.663
132.567 165.933
135.818 46.0481
148.364 147.328
125.658 162.828
82.7475 33.4329
82.7492 33.4298
148.408 147.297
125.214 163.599
148.41 147.299
154.431 144.067
123.269 166.474
136.97 43.9763
149.201 146.683
83.3702 32.3474
84.0014 31.3173
133.822 169.146
135.916 45.9156
150.147 146.065
124.419 164.891
156.13 143.882
150.659 145.709
84.3775 30.7392
124.327 165.023
80.8963 27.8821
151.387 145.228
137.363 42.2684
122.342 167.817
136.235 45.4325
152.505 144.81
125.338 171.23
156.963 143.866
81.08 28.0203
84.3987 30.7122
134.057 173.743
152.767 144.721
152.988 144.645
136.634 44.7274
132.865 173.228
84.5922 30.4118
137.614 40.865
158.096 143.806
153.668 144.38
84.8867 29.983
124.448 171.034
154.267 144.145
85.4277 29.2428
155.019 143.886
120.807 170.112
136.937 44.1093
159.039 143.665
156.092 143.885
85.4951 29.156
137.66 39.6771
156.652 143.894
85.7357 28.8316
157.378 143.879
158.517 143.832
132.092 177.113
136.953 44.0692
158.543 143.845
85.968 28.4665
104.381 173.784
86.1696 28.1696
137.691 38.5423
98.233 185.697
139.926 45.4957
86.3815 27.8775
86.9559 27.1342
98.0048 186.163
97.0578 187.789
96.7532 188.493
86.9886 27.0945
137.69 37.4334
87.5135 26.4227
96.2883 189.394
96.2279 189.566
99.7194 183.138
137.863 44.4162
95.8265 190.415
87.8502 26.0183
104.363 173.823
88.3084 25.502
132.495 177.209
95.8185 190.428
137.673 36.3796
95.5515 191.063
88.371 25.4357
109.872 174.66
137.225 42.9971
88.4337 25.3735
95.2964 191.49
109.977 175.663
86.3911 22.2667
127.681 175.725
137.614 41.3816
95.2108 191.73
94.9203 192.261
137.665 35.4497
87.3505 23.7919
125.803 175.267
88.4594 25.3523
106.185 186.05
93.6861 193.465
94.8405 192.372
123.832 174.692
94.6672 192.533
89.2659 24.4846
93.7366 193.451
140.075 42.083
89.5349 24.2161
94.4809 192.835
137.632 34.2587
119.338 173.203
119.747 173.765
95.3766 19.2935
90.699 22.9806
129.974 180.76
126.704 178.845
126.083 178.439
140.043 42.0667
88.2227 18.6952
89.3614 20.1367
137.56 32.914
118.697 172.53
110.04 176.169
91.1013 22.5799
91.8337 21.9819
138.526 41.5782
137.193 31.2349
109.724 178.502
106.333 18.0934
92.3088 21.5665
108.723 189.175
112.501 181.501
136.503 29.0756
109.131 185.09
124.768 177.681
106.173 17.6357
92.3915 21.4889
136.105 28.2763
137.66 40.3294
109.063 185.575
119.164 173.028
108.693 190.111
124.052 177.231
120.874 175.087
108.702 190.327
92.5454 20.5462
120.481 174.807
108.725 190.527
91.7415 19.0217
112.158 180.825
121.076 176.076
108.905 191.428
136.129 28.3284
122.33 178.166
108.988 192.09
126.024 183.055
117.018 189.999
126.08 183.119
115.311 187.417
137.691 39.307
92.8566 21.0821
135.033 26.1399
121.588 177.247
99.8203 16.4568
123.631 185.089
122.31 179.606
122.378 179.793
109.259 193.322
123.603 185.01
124.142 186.879
133.087 27.0917
123.909 182.49
124.509 183.692
107.905 15.5775
90.9033 17.2241
116.072 188.723
109.628 194.266
137.7 38.4334
109.584 194.191
135.249 26.5611
117.158 190.249
118.061 191.431
93.0169 20.9784
93.225 20.8332
134.232 24.6854
93.4472 20.6925
94.0266 20.2967
109.736 194.583
133.027 23.0579
137.7 37.5518
94.6852 19.8123
118.298 191.933
132.607 22.6038
94.7132 19.7928
110.382 195.439
110.021 195.083
132.073 21.9982
118.696 192.522
118.839 192.673
93.0617 11.8936
95.9684 18.814
131.538 21.3816
137.69 36.5785
96.0759 18.7202
131.049 20.8454
110.641 196.102
95.3466 16.6166
130.415 20.2267
110.916 196.391
118.866 192.727
93.3595 12.7073
129.805 19.646
110.954 196.829
119.495 193.427
119.623 193.479
129.074 19.0013
96.2187 18.605
96.3511 18.5308
137.673 35.5436
128.483 18.4822
121.08 18.7704
122.166 15.117
97.5641 17.791
125.638 17.7766
125.647 16.6443
118.98 14.0026
97.6133 15.1746
96.5479 13.0727
137.665 34.6515
127.319 17.5544
126.099 16.9278
98.47 17.1856
137.632 33.774
98.8933 16.9716
100.454 16.0747
137.56 32.505
100.456 16.0567
98.7568 12.073
98.0038 9.91311
137.792 32.4593
100.461 16.0699
139.898 31.8513
140.83 31.4254
100.634 15.9954
137.23 31.337
101.438 11.1496
100.893 9.38886
101.157 10.3504
102.377 15.1689
136.791 29.6909
102.482 15.1414
103.843 14.84
136.738 29.5483
140.075 28.1964
103.268 14.9829
122.578 15.2358
136.475 29.0069
104.927 14.6383
135.967 27.9019
136.418 27.6837
105.063 14.593
135.469 26.9267
105.782 14.4003
106.505 14.254
134.865 25.6858
106.76 14.2189
136.24 25.0374
107.207 14.13
135.479 25.3646
107.487 14.0497
134.43 24.9673
133.985 24.2811
108.512 13.8262
133.418 23.4508
109.396 13.6946
109.454 13.6827
133.638 23.2854
110.386 13.5556
133.662 23.2651
111.476 13.4834
132.757 22.7547
111.736 13.4845
131.961 21.8552
112.46 13.4331
113.206 13.4331
131.387 21.1905
113.616 13.4623
131.319 21.1144
131.041 20.8361
114.243 13.4623
130.55 20.3466
114.516 13.4817
130.084 19.8949
114.696 13.4817
129.674 19.5158
115.5 13.6636
129.292 19.1745
116.447 13.8101
128.603 18.5778
117.522 13.8949
127.884 17.9429
127.691 17.7884
117.543 13.898
119.531 14.1872
128.403 16.8922
114.763 13.4938
115.237 11.1017
127.087 17.393
122.243 15.1472
115.938 9.09083
127.013 17.3493
127.032 17.3596
125.603 16.6137
124.712 16.0691
124.668 16.0449
123.104 15.4092
120.552 14.4458
123.512 15.5107
121.074 14.6191
119.439 12.1998
122.136 12.2091
119.842 11.1251
124.473 13.3738
124.628 12.9405
120.205 9.87978
1077
0 1 0.0729911
1 159 0.0582779
2 3 0.0893512
3 135 0.0634703
4 133 1.09168
4 131 0.919069
5 7 1.54999
5 11 1.5381
6 8 1.57031
6 7 1.57009
8 9 1.56792
9 10 1.5692
10 30 1.56693
11 16 1.53665
12 42 0.794126
12 46 0.188766
12 45 0.800194
13 30 1.56601
13 32 1.55925
14 19 0.125295
15 23 0.0841232
15 19 0.112098
16 17 1.52211
17 232 1.51448
18 36 0.262377
20 35 0.821771
20 36 0.839711
21 31 1.06016
21 33 0.975138
22 29 1.01072
22 27 0.770046
22 28 0.52242
23 108 0.125187
23 24 0.0839677
24 25 0.121021
26 27 0.566816
29 31 1.14111
32 50 1.5585
33 34 0.939135
34 35 0.830057
36 37 0.984495
37 38 0.969566
38 39 0.877577
39 42 0.770086
40 48 0.215763
40 44 0.285609
41 231 0.136782
41 48 0.199727
43 46 0.19856
45 47 0.616803
47 49 0.570336
49 60 0.574188
50 65 1.55921
51 52 0.74901
51 56 0.74977
52 54 0.772908
53 236 0.17795
53 63 0.272869
54 58 0.783718
55 63 0.26857
55 61 0.266268
56 60 0.645087
57 61 0.24254
57 59 0.205374
58 62 0.793172
60 74 1.07104
62 64 0.821193
64 67 0.827992
65 66 1.55287
66 101 1.55247
67 69 0.904739
68 72 0.238444
68 70 0.258536
69 86 0.922122
71 89 1.03307
71 86 0.913695
72 75 0.188034
73 263 1.29568
73 257 1.35464
74 81 1.08452
75 76 0.159737
76 242 0.237634
76 79 0.16439
77 89 1.11488
77 92 1.16375
78 92 1.34761
78 97 1.27121
79 90 0.201442
80 82 0.97453
80 81 1.03872
82 83 1.2757
82 84 0.423264
83 85 1.27281
84 116 0.587367
85 102 1.26241
87 116 0.685603
87 91 0.795256
88 100 1.43813
88 103 1.46252
90 96 0.246045
91 120 0.840528
93 103 1.40025
93 99 1.35914
94 96 0.265065
95 120 0.857702
95 98 0.970426
97 100 1.31539
98 125 1.09777
99 105 1.23181
101 108 1.5474
102 106 1.16927
104 110 1.33354
104 112 1.19182
105 110 1.30116
106 115 1.065
107 137 0.787114
107 115 0.786824
108 154 1.44212
109 112 1.4174
109 117 1.40803
111 147 0.895408
111 142 0.909296
113 117 1.33851
113 122 1.36171
114 148 0.281879
114 123 0.267813
115 119 1.55166
118 125 1.25126
118 129 1.37664
119 124 1.30363
121 122 1.20498
121 126 0.922647
123 128 0.262864
124 130 1.22725
127 139 1.30281
127 149 1.28874
128 145 0.218238
129 139 1.34211
130 133 1.20698
131 245 0.987138
131 235 1.36236
132 281 1.06553
132 272 1.06269
134 140 0.176225
135 219 1.46519
135 212 1.47759
136 160 0.61577
136 177 0.69753
137 142 0.838415
138 149 1.35525
138 146 1.39412
139 144 0.291358
140 145 0.204937
141 315 1.23947
141 306 1.20729
143 177 0.780959
143 151 0.894127
146 150 1.44009
147 153 0.897691
148 255 0.218171
150 155 1.3773
151 181 1.08309
152 334 1.31644
152 329 1.24426
153 157 0.950506
154 209 1.46081
155 156 1.2988
156 163 1.42611
157 169 0.980119
158 161 1.2332
158 167 1.25735
159 208 1.51875
159 212 1.51461
160 166 0.626012
161 189 1.16373
162 194 0.169294
162 186 0.209493
163 164 1.52626
164 170 1.49911
165 334 1.41054
165 343 1.47783
166 169 0.561533
167 181 1.19365
168 186 0.26886
168 180 0.203749
169 174 0.533934
170 182 1.48227
171 180 0.179585
172 182 1.44406
172 183 1.20433
173 189 1.12361
173 198 1.11803
174 175 0.544772
175 176 0.616543
176 178 0.769293
178 179 0.909718
179 185 1.05489
183 188 1.05969
184 198 1.02729
184 216 1.13472
185 187 0.223667
185 196 0.985431
188 193 1.00822
190 191 0.164115
191 192 0.179931
192 241 0.139471
193 197 0.89138
194 261 0.164822
195 216 1.28997
195 239 1.42809
196 199 0.969332
197 201 0.993539
198 200 0.274509
199 213 1.12092
201 202 1.03388
202 218 0.63498
203 206 0.0801458
203 207 1.47593
203 204 1.46238
204 208 1.5418
205 206 0.135564
207 217 1.43753
208 210 0.0489715
209 231 1.46644
211 217 0.0370935
213 215 1.30656
214 382 1.42097
214 241 1.39762
215 234 1.32419
217 220 1.38292
219 229 1.4817
219 223 0.0607897
220 225 1.33798
221 224 0.112646
222 239 1.47971
222 265 1.50065
223 226 0.0600112
224 225 0.0740241
225 243 1.33215
227 244 0.123614
228 251 0.299342
229 235 1.42268
230 305 1.18338
230 317 1.14223
231 233 1.40546
232 237 1.42555
233 236 1.43586
234 251 1.06252
234 260 0.357305
236 238 1.33619
237 248 1.32881
238 242 1.34174
240 243 0.0440034
241 343 1.46265
242 247 1.18619
243 249 1.23478
244 267 0.0892645
245 253 1.00888
246 265 1.45938
246 264 1.49599
247 250 1.19681
248 257 1.36566
248 254 0.0859009
249 284 1.16699
250 255 1.21883
251 274 0.927785
252 254 0.158423
253 262 1.01326
255 261 1.19436
256 278 0.111835
256 258 0.181882
259 276 0.147038
261 266 1.19816
262 269 1.02601
263 275 1.28674
263 270 0.0483587
264 280 1.38407
266 267 1.23949
267 282 1.25266
268 278 0.0509821
269 272 1.04284
270 271 0.0606574
273 274 0.918763
273 288 0.953266
275 283 1.21058
276 341 0.104132
277 289 0.103573
278 284 0.0939546
279 280 1.2742
279 298 1.33071
281 285 1.08062
282 289 0.0849296
282 304 1.27275
283 302 1.16366
283 293 0.0747849
284 286 1.20938
285 292 1.10662
286 291 1.15136
287 288 1.04566
287 301 1.12258
290 293 0.126755
291 328 1.06873
292 299 1.12249
294 351 1.53895
294 341 1.51984
294 327 0.150352
295 303 0.233158
295 326 0.203381
296 304 1.19168
296 338 1.17348
297 308 1.28823
297 311 0.885736
298 308 1.25866
299 306 1.15692
300 301 0.892991
302 305 1.16188
303 328 0.133547
304 331 0.120316
305 309 0.0526423
307 311 0.752607
309 316 0.0609403
310 327 0.210741
310 318 0.183327
312 321 0.193117
312 326 0.216353
313 324 0.188118
313 319 0.188096
314 338 1.208
314 345 1.2843
315 320 1.26573
317 323 1.06797
320 329 1.24625
320 322 0.0478972
323 347 1.0889
323 344 0.0889339
324 331 0.129808
325 353 1.28887
325 388 1.36082
328 333 1.09375
330 337 0.121227
330 332 0.141271
333 336 1.06635
335 388 1.50415
335 348 1.51723
336 357 1.0481
337 340 0.114018
339 357 0.106319
339 355 0.225892
340 344 0.0996155
341 382 1.56741
342 348 0.0586921
343 349 0.143558
345 353 1.3541
346 352 0.197433
347 350 1.07374
348 402 1.41883
349 363 0.137412
350 356 1.05847
351 395 1.52458
352 355 0.198361
353 378 0.135387
354 363 0.0849454
356 364 1.05164
356 358 0.0300788
357 362 1.10079
359 378 0.202242
359 366 0.195858
360 387 0.105767
360 370 0.124276
361 384 0.194219
361 368 0.177468
362 365 1.09458
363 371 0.0822757
364 365 1.04748
365 373 1.0122
367 369 0.150969
369 372 0.16994
372 376 0.295874
372 374 0.203075
373 417 0.925397
373 410 0.117552
374 375 0.26567
376 377 0.354909
377 390 0.356437
379 385 0.0473875
380 386 0.0375749
381 389 0.196878
381 393 0.167568
383 389 0.199686
384 398 0.191193
385 422 0.980276
385 429 0.95565
386 403 0.090149
386 400 0.0692127
387 402 1.38429
387 396 1.40165
390 393 0.353263
391 415 0.0987738
391 411 0.144367
392 400 0.0729149
392 394 0.0718284
393 399 0.484238
395 414 1.51533
395 409 0.138304
396 418 1.3045
397 420 0.16906
397 407 0.221446
398 414 0.169121
399 420 0.166538
399 741 0.529859
401 406 0.246704
403 410 0.0970947
404 423 0.191505
404 412 0.234638
405 412 0.204986
406 411 0.268204
408 418 0.0717687
409 424 0.137675
410 413 0.0307066
414 430 1.51071
415 419 0.0898533
416 424 0.148283
417 422 0.962411
418 421 1.24451
419 429 0.943939
419 433 0.868124
421 428 1.20595
423 425 0.168091
425 727 0.190189
426 432 0.128921
427 435 1.16272
427 452 0.140354
427 550 1.20296
428 431 1.03844
430 439 1.53326
431 437 0.909767
432 436 0.12778
433 440 0.0908905
433 441 0.7947
434 452 0.156219
435 445 1.18398
436 438 0.116199
437 745 1.50616
437 724 0.743713
438 440 0.104506
439 442 1.53079
441 446 0.785327
442 451 1.5103
443 590 0.527738
443 448 0.638791
444 478 0.649318
444 446 0.653169
445 528 1.23056
446 449 0.140673
447 477 0.396641
447 489 0.403854
448 583 0.709882
449 450 0.14237
450 469 0.141069
451 454 1.50636
453 583 0.758218
453 576 0.811771
454 463 1.53474
455 461 0.134679
455 476 0.135091
456 457 0.146663
456 458 0.14824
457 469 0.140808
458 460 0.143743
459 576 0.872972
459 467 0.862285
460 468 0.135898
461 471 0.140409
462 711 1.14383
462 472 1.1401
463 466 1.56578
464 468 0.120065
465 470 0.206
465 471 0.164404
466 475 1.56494
467 473 0.837863
470 474 0.207001
472 501 1.1244
473 574 0.802009
475 479 1.5708
476 477 0.126386
477 513 0.287448
478 482 0.112312
478 489 0.582822
479 492 1.56944
480 528 0.214916
480 490 0.240382
481 574 0.793076
481 569 0.818
482 486 0.193244
483 486 0.231905
483 485 0.277019
484 490 0.228921
487 498 0.171465
487 497 0.209459
488 569 0.880598
488 565 0.931001
489 511 0.191368
491 497 0.236087
492 494 1.56944
493 496 0.132152
494 512 1.57026
495 560 1.06837
495 503 0.994301
496 500 0.0864829
498 499 0.136975
499 516 0.304937
499 518 0.222518
500 509 0.157352
500 511 0.187565
501 528 1.1513
502 518 0.224124
502 520 0.239104
503 557 0.947642
504 520 0.217318
504 522 0.237806
505 507 0.17978
505 509 0.176667
506 510 0.216132
507 508 0.197399
508 510 0.25366
512 514 1.57026
513 515 0.283739
514 525 1.5708
515 516 0.297886
517 522 0.273286
517 524 0.261024
519 557 0.877365
519 552 0.835894
521 524 0.226135
523 711 1.16043
523 713 1.16924
525 526 1.56004
526 564 1.41709
526 539 0.191668
527 552 0.831177
527 542 0.771147
529 530 1.48189
529 592 1.47994
530 577 1.54326
531 592 1.54628
531 595 1.55332
532 536 1.43306
532 577 1.55562
533 595 1.5121
533 535 1.51073
534 548 0.270946
535 598 1.52195
536 546 1.32382
537 603 1.56973
537 607 1.57043
538 599 1.56053
538 598 1.49317
539 551 0.205052
540 563 0.264935
540 551 0.248901
541 715 1.1672
541 713 1.18995
542 547 0.538744
543 622 1.29426
543 620 1.35077
544 582 0.219836
545 634 1.2407
545 630 1.39854
545 578 0.348958
546 548 1.38333
548 556 1.55528
549 615 1.48688
549 613 1.48978
550 559 1.15728
553 720 1.22962
553 719 1.25075
554 563 0.221335
555 613 1.54395
555 572 1.53707
556 609 0.283632
556 561 1.51567
558 562 1.52055
558 615 1.53919
559 587 1.09613
560 565 1.01542
561 567 1.545
562 620 1.42943
564 570 1.42792
566 630 1.39117
566 626 1.39951
567 582 1.54746
568 731 1.37171
568 728 1.37823
570 573 1.46287
571 735 1.26771
571 580 1.32516
572 607 1.55976
573 579 1.4876
575 603 1.5692
575 599 1.5528
579 584 1.49008
580 731 1.38604
580 581 0.14874
582 586 1.52498
584 585 1.48524
585 588 0.174371
585 601 1.40522
586 589 1.5615
587 710 1.03236
588 600 0.268421
589 591 1.51078
590 611 0.426567
591 593 1.56993
593 597 1.50849
594 600 0.269845
596 763 1.45646
596 768 1.50418
597 602 1.52089
601 619 1.41142
602 604 1.44794
604 608 1.41545
605 749 1.49222
605 753 1.53677
606 634 1.24445
606 637 1.15004
608 610 1.38866
610 616 1.38455
611 724 0.751109
611 624 0.409677
612 786 1.21335
612 792 1.18183
614 629 0.161157
616 618 1.33314
617 623 0.156957
618 625 1.31679
619 631 1.42942
621 637 1.26028
621 645 1.15599
622 626 1.38887
623 680 1.50802
623 763 1.41976
624 709 0.414299
625 627 1.31965
627 633 1.29959
628 775 1.49099
628 658 1.50005
629 699 0.135765
631 647 1.42379
632 644 0.782363
633 640 1.27521
635 654 0.203798
636 647 0.119191
636 643 0.20744
638 709 0.465961
638 653 0.604608
639 652 0.247351
639 642 0.253265
640 646 1.24925
641 775 1.46892
641 642 0.300667
641 779 1.27951
644 648 1.11802
645 648 1.18723
646 650 1.22839
647 649 1.4044
649 667 1.48116
650 654 1.24894
651 779 1.30865
651 785 1.24015
653 705 0.659821
654 657 1.38254
655 661 0.223007
655 664 0.172711
656 663 0.0811091
657 662 1.43453
658 771 1.52152
659 668 0.183676
660 705 0.694368
660 703 0.775114
662 665 1.41762
663 783 0.106644
664 667 0.146169
665 668 1.3763
666 673 0.296413
666 714 0.327402
667 674 1.42646
668 671 1.45815
669 674 0.0625514
670 703 0.793281
670 701 0.825337
671 672 1.44631
672 678 1.43529
674 675 1.38719
675 682 1.39089
676 687 0.262808
676 681 0.236193
677 701 0.836636
677 698 0.824862
678 684 1.4087
679 805 0.0814451
680 757 1.51048
682 685 1.42509
683 695 0.767556
683 693 0.649621
684 687 1.36138
685 686 1.45857
686 696 1.50711
687 692 1.5202
688 749 1.52824
688 743 1.46538
689 693 0.645565
690 696 0.112543
690 691 0.119546
692 694 1.53147
694 700 1.51235
695 697 0.813375
696 699 1.47814
697 698 0.827973
699 704 1.43228
700 706 1.4687
702 740 1.38456
702 743 1.38869
704 732 1.43359
706 708 1.43136
707 716 0.160733
707 729 0.215109
708 721 1.45576
710 712 1.01473
712 726 1.07705
712 723 0.113317
714 748 0.393872
715 718 1.17709
716 851 0.137981
717 723 0.120279
718 719 1.22159
720 722 1.2524
721 734 1.47923
722 725 1.31598
724 737 0.0687394
725 728 1.36871
726 727 1.08304
727 730 1.23226
730 736 1.24046
732 742 1.42876
733 801 0.822727
733 797 0.816819
734 739 1.4994
735 738 1.28746
736 741 1.244
738 740 1.35368
739 752 1.46816
741 746 1.5179
742 744 1.42199
744 755 1.40276
745 838 1.55921
745 812 0.312102
746 750 1.52761
747 752 1.46732
747 767 1.50678
748 797 0.86517
748 760 1.1613
750 754 1.5157
750 751 0.0691969
753 757 1.56122
754 758 1.50067
755 756 1.37762
756 764 1.39799
757 759 0.114632
758 769 1.44402
760 795 1.19678
761 773 1.39533
761 777 1.30517
762 809 1.55332
762 839 1.56983
764 765 1.46727
765 772 1.51713
766 769 0.0840874
767 778 1.51413
768 771 1.5194
769 773 1.43845
770 801 0.807455
770 804 0.766902
772 782 0.105479
772 783 1.45961
774 782 0.0905501
776 839 1.48683
776 845 1.43523
777 798 1.18141
778 787 1.45624
780 794 0.141416
780 788 0.158722
781 804 0.740317
781 806 0.696078
783 789 1.3836
784 788 0.217412
785 786 1.21586
787 799 1.38515
789 793 1.38951
790 845 1.55003
790 891 1.55434
791 806 0.69512
791 807 0.697896
792 795 1.19048
793 796 1.41897
794 798 0.145151
796 802 1.43239
798 874 1.1377
799 809 1.3878
800 807 0.463183
802 805 1.43172
803 891 1.57025
803 912 1.56945
805 811 1.39486
807 810 0.375733
808 833 0.283863
808 844 0.202505
809 828 0.231756
811 813 1.39801
812 831 0.302559
813 817 1.39706
814 912 1.55808
814 930 1.56875
815 827 0.660889
815 819 0.768321
816 828 0.180718
817 818 1.42191
818 822 1.43428
819 820 0.85112
820 821 0.959837
821 825 1.07967
822 824 1.44836
823 942 1.56955
823 955 1.56979
824 830 1.47743
825 826 1.08727
826 829 1.12634
827 831 0.383626
829 834 1.14711
830 832 1.49916
832 837 1.50247
834 836 1.08588
835 955 1.56725
835 971 1.56432
836 841 1.13614
837 840 1.47888
838 874 1.40744
838 842 0.552161
840 849 0.102337
840 851 1.39056
841 846 1.07194
842 875 0.554031
843 849 0.0815828
844 850 0.186889
845 878 0.299684
846 847 1.06874
847 854 1.09592
848 971 1.57023
848 981 1.56226
850 855 0.193347
851 857 1.30933
852 880 0.0622059
853 858 0.661455
854 856 0.97212
855 863 0.177389
856 861 0.816844
857 860 1.34094
858 861 0.758325
859 870 0.179139
860 866 1.40428
862 981 1.56322
862 985 1.56805
863 864 0.479534
863 893 0.617595
864 899 0.493258
865 946 1.43054
865 953 1.47539
866 876 1.47812
867 868 0.127855
868 869 0.137703
869 887 0.171128
870 878 0.26968
871 872 0.0999679
872 876 0.114971
873 985 1.54443
873 988 1.52343
874 893 0.628061
875 880 0.324038
875 902 0.303087
876 877 1.45066
877 882 1.49197
879 997 1.52263
879 1002 1.55993
880 886 0.385664
881 888 0.178348
882 889 1.49256
883 894 0.731656
883 892 0.565159
884 911 0.432632
884 902 0.331581
885 1005 1.55915
885 1009 1.57041
886 892 0.485478
887 895 0.186431
888 1010 0.172918
889 913 1.49264
890 1011 1.55857
890 905 1.54882
894 897 0.737759
895 896 0.179876
896 899 0.17805
897 900 0.690962
898 901 0.123058
898 913 0.148426
899 903 0.354984
900 904 0.686229
901 927 0.0996517
903 915 0.363851
904 907 0.74562
905 1009 1.56919
906 908 0.131369
906 915 0.121168
907 920 0.859818
908 910 0.136918
909 928 0.761887
909 933 0.819004
911 928 0.658254
913 935 1.38751
914 1017 1.54829
914 932 1.5091
914 923 0.146239
915 918 0.296397
916 986 1.45416
916 987 1.51764
917 922 0.240629
917 921 0.253685
918 919 0.282829
919 921 0.229217
919 924 0.141649
920 931 1.05818
924 925 0.135204
926 1020 0.0926164
929 931 1.09557
929 940 0.980657
930 942 1.56955
932 1014 1.51616
933 934 0.878969
934 944 0.992863
935 936 1.37427
936 938 1.3548
937 1023 1.54583
937 1024 1.55063
938 939 1.3667
939 943 1.40605
940 948 0.988612
941 1026 1.56981
941 1033 1.54613
943 946 1.42342
944 950 1.0906
945 1033 1.55099
945 949 1.52581
947 948 0.993333
947 958 0.94808
949 1035 1.50104
950 951 1.14684
951 962 0.918402
952 963 0.285712
953 956 1.48531
954 1035 1.49674
954 1038 1.48345
956 969 1.46334
957 1040 1.53145
957 1041 1.55647
958 961 1.05663
959 969 0.188202
959 963 0.221907
960 1043 1.54277
960 1045 1.54951
961 965 0.835287
962 966 0.869686
964 1045 1.53895
964 1047 1.55011
966 967 0.774169
968 1049 1.54252
968 1051 1.52936
969 970 1.31305
970 975 1.35631
972 1051 1.52474
972 1053 1.50714
973 1061 0.162387
974 1061 1.52542
974 1071 1.57043
975 984 1.44678
976 983 0.138683
977 983 1.54813
977 1065 1.54523
978 1072 0.29131
978 1056 1.43796
978 1055 1.5348
979 984 0.137268
979 980 0.110458
982 1060 1.52904
982 1054 1.53997
983 1063 1.55317
984 986 1.40975
987 993 1.51719
988 997 1.47647
988 992 0.282465
989 993 0.177113
989 990 0.169431
990 991 0.236132
992 994 0.247974
993 996 1.3509
994 995 0.202883
996 1001 1.43329
998 1001 0.243332
998 1000 0.264771
999 1000 0.256555
1001 1003 1.36366
1002 1005 1.50765
1003 1007 1.35732
1004 1010 1.43334
1004 1007 1.3931
1005 1006 0.156902
1008 1068 1.54636
1008 1061 1.53551
1010 1013 1.36922
1011 1014 1.56602
1011 1012 0.124704
1013 1015 1.36101
1015 1016 1.38915
1016 1018 1.38782
1017 1023 1.51275
1017 1021 0.203511
1018 1020 1.37233
1019 1021 0.153102
1020 1022 1.33618
1022 1025 1.35617
1024 1026 1.51626
1025 1027 1.41683
1026 1029 0.189198
1027 1028 1.42499
1028 1030 1.42422
1029 1031 0.127581
1030 1032 1.49504
1032 1034 1.51954
1034 1036 1.51384
1036 1037 1.54711
1037 1039 1.55815
1038 1040 1.51732
1039 1042 1.5608
1041 1043 1.55742
1042 1044 1.55361
1044 1046 1.51472
1046 1059 0.21768
1046 1058 1.35209
1047 1049 1.54923
1048 1050 1.41353
1048 1058 1.36341
1050 1052 1.48972
1052 1055 1.50143
1053 1054 1.48008
1054 1057 0.126183
1056 1069 1.48816
1059 1062 0.210171
1060 1064 1.56327
1063 1064 1.53887
1065 1066 1.5696
1066 1067 1.53519
1067 1070 1.49214
1068 1070 1.54815
1069 1071 1.5408
1070 1075 0.231418
1071 1073 0.135306
1072 1074 0.269949
1074 1077 0.286851
1075 1076 0.232287
