180
24.9586 34.9398
24.915 34.8606
24.8015 34.7394
24.7233 34.6171
24.6999 34.417
24.5705 33.6524
24.3572 32.869
24.0174 31.5901
24.3285 32.6086
23.9286 31.0537
23.6198 29.9981
24.5774 33.8385
24.7273 34.6123
24.6996 34.4259
23.2004 27.7383
23.1939 27.683
22.1199 25.1144
22.7421 25.1771
20.203 25.606
24.3449 24.8315
19.0039 25.8348
25.6986 24.5169
27.904 23.9357
17.2049 26.0746
32.0387 24.4498
33.5121 26.8365
34.4766 28.2867
34.9917 28.9726
35.1557 29.2788
35.536 29.7845
35.6739 30.0469
35.9391 30.4036
36.1124 30.7374
36.273 30.9559
36.5047 31.4046
36.5898 31.5213
36.8844 32.0952
36.8956 32.1106
34.2249 27.8263
37.2008 32.7117
27.2945 24.0856
37.2663 32.9183
37.4729 33.322
32.9936 25.8957
37.657 33.8922
37.6667 33.91
37.8629 34.4533
28.8371 23.6389
37.9597 34.9604
15.9673 26.1029
38.0119 35.0885
38.1779 35.8726
38.1786 36.0097
29.7969 23.3969
38.3215 36.7661
16.4778 26.111
38.3155 36.9608
38.4035 37.6771
30.3052 23.2306
38.3954 37.7603
18.0628 26.0012
38.428 38.423
33.9859 21.3557
38.4488 38.5162
38.4498 39.0691
34.2522 21.5145
38.4893 39.7354
26.5931 24.3016
31.2375 22.9877
31.6124 22.6076
38.4808 39.2187
25.6574 24.5242
31.6839 22.5433
38.468 40.3282
23.878 24.9147
33.1967 21.0927
15.5854 26.0706
38.4756 39.669
32.5461 21.6855
38.4616 40.4139
22.3109 25.0554
38.4877 40.0615
33.0256 21.2621
38.4686 40.3691
33.3769 20.934
38.4798 40.1007
38.4809 40.2542
15.1047 26.0311
22.1582 24.5366
33.3815 20.9282
33.458 20.8178
22.1449 24.4829
33.6234 20.6068
14.5395 25.9486
21.424 22.1151
20.8468 20.6482
33.7311 20.485
20.2908 19.5728
34.1301 19.9666
18.9636 25.8393
14.0315 25.8656
20.2129 19.4577
34.2775 19.7977
17.0231 26.0729
19.7734 18.67
34.852 19.0363
35.1628 18.5568
19.0853 17.7986
13.6305 25.7931
15.6103 26.071
19.242 17.9562
35.3021 18.3707
35.6533 17.8191
13.24 25.6979
14.6127 25.9546
18.3836 16.9941
18.7143 17.3127
36.1926 16.6442
12.8032 25.6015
13.9379 25.8423
35.953 17.243
17.8724 16.421
18.1544 16.6931
12.521 25.5171
13.2183 25.6908
36.6574 14.8632
36.1823 16.6779
17.4657 15.9247
12.4354 25.4837
17.5906 16.0473
12.3644 25.4483
36.3531 16.238
17.0934 15.4222
12.2335 25.4013
36.6937 13.5433
17.0681 15.3738
11.7467 25.1676
36.4795 15.8245
11.5826 25.0648
16.718 14.8909
11.4522 25.0034
36.5829 12.7553
10.8586 24.9709
16.6261 14.7109
36.5973 15.2958
11.0434 24.4482
9.89113 24.9178
11.191 24.6849
10.2879 24.9077
11.1599 24.969
16.3839 14.3738
36.5 12.417
36.6757 14.7863
16.2482 14.1076
16.1376 13.9556
36.7219 14.4837
36.4441 12.1523
15.96 13.6096
36.738 14.2478
15.9474 13.5693
36.083 11.2908
15.7761 13.2279
36.7286 13.8265
36.0104 11.1826
15.7452 13.1149
36.6897 13.3399
15.6132 12.8325
36.2647 11.677
36.6521 13.029
15.6111 12.8234
15.5485 12.6743
36.6137 12.8533
36.2931 11.7223
36.5391 12.5437
15.4965 12.594
36.4018 11.963
15.4572 12.5522
36.4507 12.1733
36.4144 12.003
15.4203 12.4909
179
0 1 0.477792
1 2 0.688135
2 12 0.860024
3 12 0.380671
4 13 1.30986
4 11 1.41432
5 11 1.41949
5 6 1.43614
6 8 1.37465
7 9 1.15902
7 8 1.30292
9 10 1.037
10 14 0.775075
12 13 1.17358
14 15 0.681851
15 17 0.60117
16 80 1.02099
16 18 1.10844
17 80 1.5529
17 74 1.19169
18 20 1.28005
19 74 1.25304
19 71 1.33085
20 99 1.3026
21 71 1.38275
21 67 1.39687
22 47 1.55823
22 40 1.51866
23 103 1.36859
23 60 1.37101
24 68 0.610743
24 43 0.733542
25 43 0.91264
25 38 1.09159
26 38 1.26361
26 27 1.38615
27 28 1.4852
28 29 1.54122
29 30 1.56136
30 31 1.55771
31 32 1.54234
32 33 1.55956
33 34 1.5515
34 35 1.56653
35 36 1.55401
36 37 1.5666
37 39 1.56415
39 41 1.55141
40 67 1.46585
41 42 1.56567
42 44 1.51424
44 45 1.56962
45 46 1.54189
46 48 1.52785
47 53 1.45872
48 50 1.55184
49 55 1.36427
49 109 1.37194
50 51 1.57006
51 52 1.56278
52 54 1.57075
53 58 1.40667
54 56 1.55467
55 103 1.35403
56 57 1.54843
57 59 1.5413
58 68 1.35192
59 61 1.55064
60 99 1.31192
61 63 1.53873
62 84 0.19082
62 65 0.140315
63 64 1.45579
64 70 1.4038
66 81 1.08728
66 77 1.21414
68 69 1.3643
69 72 1.35239
70 77 1.31521
72 78 1.40309
73 86 0.662447
73 83 0.491775
75 84 1.48747
75 82 1.50653
76 109 1.33361
76 87 1.31342
78 82 1.49206
79 83 0.332431
80 88 0.59526
81 85 0.97213
84 89 1.32831
85 86 0.801374
87 114 1.33476
88 91 0.575502
89 90 1.27635
90 92 1.24936
91 94 0.63247
92 96 1.22395
93 114 1.31868
93 100 1.29645
94 95 0.827192
95 97 1.01837
96 98 1.22048
97 101 1.08658
98 102 1.2314
100 119 1.27582
101 104 1.15654
102 105 1.25983
104 110 1.34099
105 106 1.32556
106 111 1.33303
107 110 1.41704
107 116 1.45492
108 119 1.23155
108 113 1.22345
111 112 1.34106
112 120 1.38154
113 124 1.18918
115 116 1.52655
115 122 1.5503
117 126 1.39189
117 131 1.36012
118 124 1.12841
118 123 1.12425
120 126 1.41439
121 122 1.56104
121 129 1.5551
123 128 1.08354
125 144 1.42406
125 152 1.38621
127 129 1.56723
127 132 1.55434
128 130 1.01123
130 133 0.914134
131 137 1.37121
132 135 1.56784
133 136 0.875518
134 162 1.28849
134 165 1.24236
135 139 1.56449
136 138 0.838696
137 144 1.39784
138 140 0.752586
139 143 1.56385
140 149 0.463014
140 147 0.342708
141 171 1.10774
141 173 1.04291
142 149 0.37734
142 148 0.309514
143 150 1.55696
145 147 0.24655
146 148 0.229552
150 153 1.55659
151 173 0.988007
151 177 0.931104
152 155 1.3466
153 154 1.50225
154 157 1.46989
155 158 1.32396
156 177 0.860054
156 178 0.772449
157 159 1.38986
158 162 1.30733
159 161 1.3154
160 167 0.392611
160 163 0.278525
161 164 1.22586
164 166 1.14657
165 168 1.20124
166 169 1.00591
167 172 0.482188
168 171 1.16514
169 170 0.865037
170 174 0.737597
172 175 0.59011
174 176 0.582016
175 178 0.683331
176 179 0.384603
