280
24.6774 24.5281
24.2667 23.9764
24.9645 25.1357
24.016 23.4753
25.3273 25.6398
23.4883 22.7492
25.6692 26.377
23.3314 22.4406
26.0383 26.9189
22.6615 21.4406
26.4291 27.7196
22.5605 21.3161
27.2106 27.6874
22.0933 20.5516
26.2945 27.8972
28.4893 27.5555
21.227 20.4375
22.2346 20.4344
29.5243 27.3723
26.1921 28.0757
19.6697 21.2933
23.2868 19.6063
30.4716 27.1233
18.344 21.9373
31.3872 26.8346
30.5176 20.5989
23.9725 18.9221
24.1226 31.0985
24.4452 30.5083
25.2127 29.4494
25.339 29.2182
23.9711 31.3067
27.1714 27.6941
30.6671 20.5361
27.9813 27.654
22.9802 31.0928
17.1324 22.3365
30.7653 20.4377
32.2609 26.5158
21.6142 30.8266
28.7304 27.543
30.9486 20.3531
29.5152 27.3759
24.2252 18.7498
20.5107 30.6388
25.0865 17.8909
20.4892 30.642
31.1665 20.1305
25.0913 17.8878
33.0974 26.1785
25.8907 17.087
30.3118 27.1918
22.3456 20.325
19.5426 30.5536
31.2591 20.0838
25.9019 17.0692
26.5564 16.4094
31.0684 26.9796
15.9713 22.66
19.4681 30.5231
24.3285 32.607
21.505 30.8289
31.6444 19.6873
33.8919 25.7835
21.0274 20.3845
18.6165 30.4959
18.5016 30.4485
20.5381 19.6448
22.6767 31.0745
26.5719 16.3994
18.8181 21.6593
31.7818 26.7388
31.6442 19.6876
27.1016 15.8674
20.3699 19.4507
17.6418 30.3773
14.7789 23.0173
17.607 30.3595
24.0179 31.5898
34.6709 25.3385
17.2676 22.263
32.1579 19.1669
27.146 15.7994
19.4563 18.2037
32.4592 26.4692
19.0639 17.8115
24.5704 33.6522
16.7523 30.1749
16.656 30.1788
32.16 19.1658
13.3971 23.5684
27.5156 15.4323
24.3572 32.869
35.3929 24.7521
15.8753 29.9157
33.0957 26.1797
27.7117 15.1373
11.7953 24.6647
16.1117 22.5887
32.6896 18.6424
18.6623 17.2873
18.3687 17.0067
15.7743 29.9088
32.7067 18.6339
27.8733 14.9778
36.0671 24.0893
24.5773 33.8385
33.6971 25.9173
24.6998 34.4172
28.2246 14.4575
15.1234 22.86
13.379 28.6427
18.0719 16.6192
33.1678 18.1543
34.2258 25.6413
14.9258 29.5386
15.0713 29.6385
17.8692 16.4238
36.673 23.4022
33.1428 18.2056
28.2433 14.4135
24.6996 34.4259
14.3149 23.1274
28.6024 13.8851
24.9587 34.9398
34.6667 25.3427
17.5636 16.0188
33.5073 17.7423
37.2095 22.7553
33.4535 17.8677
14.5012 29.3772
13.9558 29.0311
24.7273 34.6123
17.467 15.9237
28.695 13.6741
35.0953 25.0516
24.915 34.8607
24.7233 34.6171
33.6989 17.4796
13.63 23.4178
28.9793 13.2569
24.8015 34.7395
37.6748 22.1524
33.6588 17.5853
13.8842 28.9628
17.095 15.421
35.5278 24.6615
17.0731 15.3789
29.0922 13.0087
12.8745 28.1637
38.0834 21.5456
36.0108 24.1754
29.3848 12.5857
16.7189 14.8903
12.8981 23.797
12.7775 28.0322
16.6306 14.7172
29.4393 12.472
36.5219 23.6338
38.4578 20.8904
29.7136 12.0867
12.46 27.7159
16.3839 14.3738
36.9966 23.0794
12.1305 24.336
16.2482 14.1079
29.9005 11.8994
38.8278 20.1946
12.1215 27.2549
37.4073 22.5574
29.944 11.8399
16.1375 13.9556
39.2 19.4542
15.9598 13.6097
30.1861 11.6007
11.8512 26.7575
11.5298 24.8757
37.7501 22.0765
30.587 11.3151
39.5833 18.6202
11.7756 26.5669
38.3331 34.9364
15.9471 13.5685
38.052 21.6214
30.601 11.3082
11.4308 24.9774
15.7761 13.2279
38.685 34.1244
37.9172 35.3248
11.668 26.3663
39.9561 17.6763
31.1462 10.9212
38.3544 21.1413
11.0434 24.4482
11.5688 26.1163
38.7584 34.0224
15.7452 13.1148
31.3936 10.8011
38.3463 34.8731
15.6132 12.8325
40.2664 16.641
31.8128 10.5007
11.4837 25.7919
38.676 20.5699
11.191 24.6849
15.6112 12.8234
11.4207 25.2947
38.6101 34.3098
32.2372 10.2917
11.4202 24.9996
15.5485 12.6743
11.1599 24.969
39.025 19.9039
38.5357 34.4157
40.5857 15.514
32.4427 10.1427
10.8586 24.9709
10.2879 24.9077
15.4965 12.594
9.89113 24.9178
15.4572 12.5522
15.4203 12.4909
32.9009 9.91205
40.8155 14.2775
38.1656 35.3153
39.3767 19.1828
38.1382 35.4194
33.2113 9.81541
33.2685 9.78642
40.7385 12.9365
39.6916 18.4456
38.6945 10.5575
38.1462 35.6007
33.768 9.63925
34.3467 9.59743
38.1917 35.8072
39.951 17.7131
38.1951 36.176
34.4988 9.55864
38.3004 36.7546
40.2064 17.0045
35.5474 9.59345
38.2949 36.9088
35.3617 9.54924
36.2215 9.6279
40.4203 16.2738
38.385 37.6757
36.8185 9.79787
38.3868 37.6821
40.5849 15.5289
36.9594 9.81266
38.4209 38.3932
38.4492 38.5195
40.758 14.8913
37.5666 9.99712
38.0957 10.2603
40.8191 14.3851
38.4505 39.0692
38.4817 39.2194
38.1147 10.2663
39.2062 10.9309
40.862 13.933
38.4765 39.6724
38.4895 39.7353
39.207 10.9314
39.6136 11.2375
40.8413 13.3929
38.4679 40.3283
38.488 40.0615
39.9274 11.5539
40.7325 12.868
40.1015 11.7842
38.4616 40.414
38.4798 40.1018
40.2394 11.9243
40.6477 12.5478
40.5003 12.267
38.4686 40.3691
40.6022 12.4413
38.4809 40.2542
279
0 2 1.50584
0 1 1.48741
1 3 1.35714
2 4 1.3683
3 5 1.19671
4 6 1.23375
5 7 1.12082
6 8 1.11376
7 9 0.987523
8 10 1.00718
9 11 0.905153
10 32 1.21321
10 14 1.18392
11 13 0.913957
12 32 1.20603
12 34 1.21303
13 16 1.53905
13 17 0.909936
14 19 1.11963
15 34 1.29864
15 40 1.30642
16 64 1.54962
17 52 0.858194
18 42 1.36864
18 51 1.3957
19 30 1.25963
20 64 0.891334
20 70 1.07311
21 52 0.870617
21 26 1.03531
22 51 1.44654
22 57 1.46576
23 70 1.22348
23 80 1.34907
24 57 1.51301
24 71 1.51299
25 33 0.689428
26 43 1.075
27 28 1.26587
27 31 1.23643
28 29 1.5175
29 30 1.43781
31 78 1.2006
31 35 0.935638
33 37 0.956754
35 68 1.01953
36 80 1.45995
36 98 1.50951
37 41 1.15732
38 71 1.55172
38 84 1.53261
39 61 1.22692
39 68 1.14784
40 42 1.35964
41 47 1.29096
43 45 1.19559
44 46 1.36964
44 61 1.35166
45 48 1.28526
46 53 1.46898
47 54 1.44295
48 50 1.36632
49 95 1.55632
49 107 1.51743
50 55 1.48892
53 59 1.56099
54 72 1.48975
55 56 1.55822
56 69 1.50588
58 98 1.54359
58 110 1.51435
59 65 1.55517
60 78 1.30249
60 92 1.37422
62 72 1.56599
62 81 1.56996
63 107 1.55805
63 114 1.51445
64 67 0.942182
65 66 1.56623
66 75 1.50971
67 74 0.95077
69 73 1.48387
73 82 1.44456
74 83 1.12025
75 77 1.56997
76 110 1.39535
76 122 1.38472
77 87 1.49604
79 125 1.50895
79 135 1.45333
81 89 1.56778
82 91 1.48023
83 85 1.34862
84 95 1.56712
85 100 1.46332
86 92 1.43598
86 106 1.41943
87 88 1.41119
88 94 1.46125
89 99 1.55759
90 139 1.24013
90 154 1.22461
91 96 1.43547
93 135 1.5134
93 146 1.47722
94 102 1.41871
96 104 1.48145
97 164 1.09638
97 176 1.08867
99 103 1.5513
100 101 1.53428
101 112 1.57041
102 116 1.44489
103 119 1.54206
104 109 1.44706
105 151 1.53868
105 158 1.54716
106 108 1.41436
108 121 1.30993
109 120 1.46209
111 149 1.24952
111 144 1.36266
112 117 1.55733
113 119 1.485
113 129 1.34635
114 125 1.55742
115 116 1.39939
115 130 1.45188
117 126 1.54697
118 158 1.53542
118 163 1.53379
120 123 1.47721
121 132 1.1736
122 139 1.27532
123 134 1.44106
124 136 0.477821
126 133 1.55814
127 129 1.20742
127 143 0.993853
128 163 1.49981
128 169 1.51779
130 131 1.34282
131 144 1.34538
132 141 0.860054
132 137 0.380673
133 145 1.55362
134 140 1.44362
136 141 0.688179
138 143 0.727535
140 148 1.42811
142 169 1.50759
142 177 1.54413
145 147 1.56862
146 151 1.51636
147 153 1.56319
148 152 1.42099
149 155 1.24333
150 183 1.55686
150 192 1.513
152 157 1.43399
153 156 1.56533
154 164 1.14519
155 161 1.26813
156 162 1.55519
157 160 1.47043
159 192 1.52188
159 203 1.49752
160 166 1.47255
161 168 1.22338
162 165 1.55641
165 171 1.50214
166 170 1.5511
167 203 1.50713
167 212 1.51142
168 175 1.15743
170 174 1.52168
171 173 1.46985
172 212 1.52798
172 225 1.5585
173 182 1.38998
174 178 1.546
175 180 1.15394
176 185 1.15201
177 183 1.56214
178 184 1.49738
179 225 1.53669
179 230 1.50612
180 189 1.20053
181 224 1.08478
181 198 0.972765
182 186 1.3156
184 191 1.4897
185 209 1.45542
185 204 0.344442
186 196 1.22589
187 195 0.460759
187 207 0.64246
188 226 0.317363
189 194 1.23771
190 236 1.41937
190 240 1.43362
191 197 1.54012
193 204 0.24655
194 202 1.26642
196 199 1.14659
197 201 1.55206
198 213 0.890675
199 205 1.00591
200 240 1.34995
200 245 1.39686
201 208 1.52562
202 206 1.27247
205 210 0.865026
206 209 1.28282
207 213 0.807118
208 215 1.52923
209 211 0.465179
210 218 0.737594
211 216 0.37734
214 249 1.3002
214 253 1.37068
215 222 1.51581
216 217 0.309514
217 219 0.229552
218 220 0.582015
220 221 0.384603
222 227 1.49274
223 256 1.32551
223 261 1.40673
224 226 1.14299
226 232 1.3854
227 228 1.56764
228 233 1.51474
229 266 1.41354
229 270 1.45209
230 236 1.43879
231 260 1.35993
231 259 1.46184
232 235 1.47616
233 234 1.54781
234 238 1.53713
235 237 1.56273
237 239 1.53381
238 243 1.53033
239 242 1.5455
241 243 1.52911
241 244 1.54681
242 246 1.55648
244 247 1.51898
245 249 1.30523
246 248 1.54381
247 250 1.51685
248 251 1.52889
250 254 1.52961
251 252 1.53252
252 257 1.45609
253 256 1.28801
254 255 1.42063
255 259 1.44587
257 258 1.40367
258 262 1.3157
260 264 1.37757
261 266 1.41304
262 263 1.21483
263 268 1.08718
264 265 1.43323
265 269 1.3944
267 279 0.662531
267 277 0.491819
268 273 0.972291
269 271 1.39201
270 275 1.55138
271 274 1.43364
272 277 0.33247
273 279 0.801645
274 276 1.44643
275 278 1.52449
276 278 1.45539
