234
22.6739 21.4638
22.5585 21.3218
22.0863 20.5507
23.3434 22.4676
23.4864 22.7522
21.227 20.4375
22.2049 20.4526
24.0324 23.5109
24.2636 23.9791
19.6697 21.2933
23.2652 19.6114
24.6819 24.5469
23.969 18.9071
24.959 25.1379
22.3461 20.3132
24.1819 18.7618
25.0055 17.9368
21.0274 20.3845
25.2927 25.6042
18.344 21.9373
25.6525 26.3787
25.0622 17.8461
20.5381 19.6448
25.7159 17.1893
20.3699 19.4507
19.4563 18.2037
18.8181 21.6593
25.948 26.8108
26.4084 27.747
25.8357 16.9928
17.1324 22.3365
19.0639 17.8115
26.283 16.5441
18.6623 17.2873
17.2676 22.263
27.0716 27.7155
26.2945 27.8972
26.4327 16.3004
18.3687 17.0067
26.7457 15.99
18.0719 16.6192
15.9713 22.66
28.4283 27.584
29.524 27.3981
16.1117 22.5887
26.9516 15.6549
17.8692 16.4238
17.5636 16.0188
27.1679 15.4431
14.7789 23.0173
26.1921 28.0757
15.1234 22.86
27.4546 14.9762
17.467 15.9237
17.095 15.421
27.5855 14.8482
13.3971 23.5684
30.5208 27.1552
14.3149 23.1274
17.0731 15.3789
27.9494 14.262
11.7953 24.6647
16.7189 14.8903
31.4726 26.8839
27.9998 14.2121
12.7775 28.0322
13.63 23.4178
16.6306 14.7172
28.4142 13.5515
32.3569 26.5775
16.3839 14.3738
28.4105 13.5614
25.2127 29.4494
25.339 29.2182
24.4452 30.5083
24.1226 31.0985
22.9802 31.0928
21.6142 30.8266
20.5107 30.6388
16.2482 14.1079
27.1843 27.7241
33.1847 26.2313
28.8332 12.8998
12.8981 23.797
14.9258 29.5386
19.5426 30.5536
19.4681 30.5231
27.9911 27.6766
28.8327 12.9009
18.5016 30.4485
18.6165 30.4959
17.6418 30.3773
17.607 30.3595
16.1375 13.9556
20.4892 30.642
28.7414 27.5674
16.656 30.1788
16.7523 30.1749
21.505 30.8289
15.9598 13.6097
33.9989 25.8196
29.5249 27.398
15.8753 29.9157
23.9711 31.3067
29.1948 12.3529
22.6767 31.0745
29.3221 12.2243
30.3288 27.2332
15.9471 13.5685
15.7743 29.9088
15.0713 29.6385
12.1305 24.336
34.7964 25.3395
15.7761 13.2279
31.0931 27.0414
24.0179 31.5898
14.5012 29.3772
29.5079 11.9522
35.5145 24.7533
15.7452 13.1148
24.3285 32.607
29.7771 11.6826
31.8127 26.8137
15.6132 12.8325
13.9558 29.0311
11.5298 24.8757
36.1422 24.1141
15.6112 12.8234
24.3572 32.869
32.4939 26.5484
13.8842 28.9628
29.9396 11.5695
15.5485 12.6743
30.0667 11.4421
36.7027 23.4764
13.379 28.6427
15.4965 12.594
11.4308 24.9774
33.1363 26.2655
24.5704 33.6522
15.4572 12.5522
15.4203 12.4909
12.8745 28.1637
37.2179 22.857
24.5773 33.8385
30.4866 11.1483
33.7392 25.9972
30.6984 11.0502
12.46 27.7159
11.0434 24.4482
37.6957 22.2453
34.2694 25.7114
12.1215 27.2549
31.0691 10.7877
24.6998 34.4172
24.6996 34.4259
11.191 24.6849
38.1338 21.6168
11.8512 26.7575
34.7217 25.4137
31.4834 10.5933
11.7756 26.5669
35.1516 25.1099
38.5152 20.9472
11.4207 25.2947
31.7514 10.4023
11.668 26.3663
24.7273 34.6123
35.5814 24.7098
24.9587 34.9398
11.5688 26.1163
11.4837 25.7919
32.3095 10.1357
11.4202 24.9996
38.8774 20.2574
10.2879 24.9077
11.1599 24.969
9.89113 24.9178
10.8586 24.9709
24.7233 34.6171
36.0689 24.2265
32.3981 10.0725
24.915 34.8607
24.8015 34.7395
39.2385 19.523
36.5728 23.6803
32.8666 9.84472
39.6151 18.684
37.0473 23.1264
33.2521 9.73295
39.999 17.7149
33.2692 9.73132
37.4645 22.607
33.7619 9.59405
40.3223 16.6245
37.815 22.1249
34.3793 9.5614
40.6393 15.4407
34.4985 9.53156
38.1165 21.6609
40.8485 14.1701
35.3632 9.52833
35.5783 9.58169
38.4247 21.1768
38.7459 20.6012
36.2237 9.61239
39.0905 19.9326
40.7378 12.8473
39.4357 19.2102
36.8591 9.79196
36.9616 9.80204
37.5706 9.98322
39.7453 18.4724
39.9963 17.7368
38.1193 10.253
40.2563 17.0308
38.1332 10.2629
40.4636 16.2967
38.6994 10.5454
40.6325 15.554
39.213 10.9188
39.2205 10.9263
40.7913 14.9075
39.6199 11.2275
40.8555 14.3982
39.9341 11.5453
40.8813 13.9367
40.0888 11.7508
40.249 11.914
40.8628 13.3937
40.51 12.2583
40.7456 12.8663
40.6126 12.4349
40.6588 12.544
235
0 3 0.992716
0 1 0.90877
1 2 0.913898
2 5 1.53996
2 6 0.906029
3 4 1.1212
4 7 1.19948
5 17 1.54962
6 14 0.853809
7 8 1.36113
8 11 1.48683
9 17 0.891334
9 26 1.07311
10 12 1.02975
10 14 0.867323
11 13 1.50398
12 15 1.06498
13 18 1.38231
15 16 1.15928
16 21 1.25227
17 22 0.942182
18 20 1.24195
19 26 1.22348
19 34 1.34907
20 27 1.1363
21 23 1.30303
22 24 0.95077
23 29 1.42434
24 25 1.12025
25 31 1.34862
27 28 1.01612
28 35 1.20463
28 36 1.18903
29 32 1.46545
30 34 1.45995
30 44 1.50951
31 33 1.46332
32 37 1.54158
33 38 1.53428
35 80 1.2056
36 50 1.11963
37 39 1.54886
38 40 1.57041
39 45 1.54713
40 46 1.55733
41 44 1.54359
41 51 1.51435
42 87 1.302
42 95 1.29477
43 101 1.35875
43 95 1.36273
45 48 1.55667
46 47 1.54697
47 53 1.55814
48 52 1.51489
49 51 1.39535
49 58 1.38472
50 73 1.25963
52 55 1.51947
53 54 1.55362
54 59 1.56862
55 60 1.47397
56 66 1.24013
56 83 1.22461
57 107 1.43234
57 114 1.43546
58 66 1.27532
59 62 1.56319
60 64 1.46892
61 111 1.09638
61 125 1.08867
62 67 1.56533
63 114 1.49133
63 122 1.49812
64 71 1.43323
65 142 1.24333
65 148 1.26813
67 70 1.55519
68 71 1.41362
68 88 1.40274
69 122 1.53994
69 129 1.53505
70 79 1.55641
72 74 1.5175
72 73 1.43781
74 75 1.26587
75 103 1.23643
76 103 0.935638
76 105 1.01953
77 105 1.14784
77 98 1.22692
78 98 1.35166
78 94 1.36964
79 93 1.50214
80 87 1.22149
81 138 1.55951
81 146 1.5215
82 88 1.38516
82 104 1.41225
83 111 1.14519
84 110 1.39939
84 116 1.45188
85 86 1.56099
85 94 1.46898
86 90 1.55517
89 90 1.56623
89 91 1.50971
91 92 1.56997
92 97 1.49604
93 99 1.46985
96 97 1.41119
96 102 1.46125
99 108 1.38998
100 146 1.5705
100 151 1.51658
101 107 1.37037
102 109 1.41871
103 115 1.2006
104 106 1.39392
106 117 1.44668
108 113 1.3156
109 110 1.44489
112 159 1.52317
112 162 1.4606
113 119 1.22589
115 120 1.30249
116 124 1.34282
117 121 1.45638
118 162 1.52284
118 168 1.49162
119 123 1.14659
120 128 1.37422
121 131 1.49327
123 127 1.00591
124 130 1.34538
125 137 1.15201
126 180 1.5417
126 185 1.56072
127 132 0.865026
128 139 1.43598
129 138 1.55487
130 135 1.36266
131 133 1.56174
132 136 0.737594
133 145 1.55434
134 185 1.53973
134 188 1.53215
135 142 1.24952
136 140 0.582015
137 173 1.45542
137 156 0.344442
139 144 1.41943
140 141 0.384603
143 188 1.50706
143 192 1.52669
144 154 1.41436
145 147 1.55913
147 153 1.54431
148 152 1.22338
149 156 0.24655
150 192 1.51169
150 195 1.55364
151 159 1.54414
152 158 1.15743
153 160 1.55072
154 155 1.30993
155 167 1.1736
157 199 1.55758
157 203 1.51075
158 161 1.15394
160 165 1.5387
161 166 1.20053
163 203 1.52463
163 204 1.50341
164 173 1.28282
164 171 1.27247
165 172 1.4817
166 170 1.23771
167 183 0.860054
167 179 0.380673
168 180 1.50881
169 182 0.477821
170 171 1.26642
172 181 1.48331
173 176 0.465179
174 204 1.51089
174 206 1.5206
175 178 0.309514
175 177 0.229552
176 178 0.37734
181 186 1.50189
182 183 0.688179
184 206 1.53477
184 208 1.56406
186 189 1.45892
187 208 1.52879
187 212 1.50959
189 191 1.55146
190 213 1.4119
190 215 1.44034
191 193 1.53367
193 196 1.56741
194 215 1.33934
194 217 1.39515
195 199 1.55272
196 198 1.55168
197 219 1.28503
197 222 1.35885
198 201 1.53745
200 224 1.30761
200 226 1.39023
201 202 1.54383
202 205 1.55058
205 209 1.51221
207 233 1.55168
207 231 1.47617
209 210 1.51387
210 211 1.53536
211 214 1.42082
212 213 1.42743
214 216 1.44641
216 218 1.46099
217 219 1.31133
218 220 1.36156
220 221 1.39201
221 223 1.43044
222 224 1.29332
223 225 1.39295
225 227 1.39615
226 229 1.4172
227 228 1.43755
228 230 1.44431
229 231 1.40402
230 232 1.45269
232 233 1.52121
