2808
139.072 97.8883
142.354 95.0049
139.947 95.2597
136.893 108.563
136.689 108.541
140.994 94.6862
142.072 94.0273
136.447 108.538
135.413 108.539
141.94 93.2752
134.32 108.527
141.97 86.4755
133.854 108.539
141.523 89.8448
133.82 108.548
140.179 109.056
134.23 108.549
135.393 108.542
136.334 108.551
135.094 93.8465
137.552 108.714
136.714 92.9457
139.561 91.6985
139.773 109.031
147.586 100.401
141.522 90.726
140.777 109.141
144.268 109.388
139.848 87.6697
146.284 109.475
135.771 90.468
133.143 91.6224
141.116 113.175
141.698 87.419
134.577 88.4613
136.812 116.277
137.552 115.886
131.918 89.0909
136.423 116.56
136.553 116.52
139.358 114.5
138.115 87.9958
137.465 115.97
144.711 101.29
138.948 114.913
141.502 112.933
141.567 88.6094
146.06 109.647
141.662 91.6724
146.547 109.403
144.385 100.477
144.851 101.682
142.36 95.0228
145.237 103.201
142.895 96.3618
145.468 103.918
143.536 97.9635
146.108 106.223
146.336 106.915
147.017 109.257
142.732 95.9013
147.495 109.582
142.287 85.5251
148.643 110.403
141.962 93.3742
148.089 111.547
144.652 118.336
133.196 83.7689
141.565 88.817
160.609 105.684
143.75 120.078
135.57 84.3849
131.309 83.5116
161.191 101.719
142.018 85.4333
135.807 82.9343
161.338 101.777
143.654 120.218
94.664 103.69
89.2721 105.336
97.8932 102.824
91.6339 104.648
135.86 82.9615
143.32 121.144
159.285 97.7872
143.008 121.615
96.2814 107.3
158.535 98.0159
142.294 85.5057
107.002 100.48
101.503 101.889
142.985 121.714
142.735 122.201
102.267 108.444
145.007 117.814
142.445 122.495
142.393 122.683
109.847 110.13
109.677 99.7216
159.714 98.4455
111.099 110.703
136.165 80.9378
146.622 114.811
139.198 82.734
111.28 99.0847
160.092 98.9242
107.957 109.575
151.537 111.356
142.096 84.2508
142.838 84.6714
108.163 100.093
102.06 108.395
143.258 84.1732
159.811 97.8251
151.681 111.399
102.335 101.647
92.2843 106.662
141.888 82.5957
160.12 98.9794
100.318 102.182
138.972 80.1644
151.337 115.427
107.064 112.146
95.7161 103.327
138.077 79.4922
160.611 99.6783
143.504 83.8668
151.313 115.986
108.641 112.911
90.1891 106.209
143.648 83.7223
143.91 83.475
102.754 99.0958
151.21 120.112
108.45 95.5981
162.231 101.64
144.167 83.2178
88.0086 105.787
144.226 83.1629
151.287 121.806
108.235 95.6969
144.631 82.7578
108.208 115.583
144.654 82.7327
162.569 102.071
104.68 97.8208
151.338 122.044
145.214 82.1724
162.093 97.0198
151.379 122.512
108.99 115.876
151.502 122.941
145.37 82.0252
151.346 117.971
102.293 112.756
151.607 123.127
145.805 81.5929
151.633 123.227
162.504 98.4297
104.895 113.891
147.043 80.4242
87.8961 105.811
147.311 80.1554
152.623 111.402
148.284 79.2322
88.826 105.456
106.324 92.6909
148.822 78.6918
163.101 101.648
154.75 117.283
149.123 78.3741
95.3157 100.471
128.476 73.6234
106.377 92.6477
156.343 120.857
149.525 77.9247
149.966 77.4089
98.7662 114.208
156.532 121.126
163.396 101.467
128.379 73.408
128.39 73.4176
154.041 115.119
156.719 121.341
102.917 94.8365
150.396 76.8743
150.714 76.4572
156.76 121.428
105.611 118.388
128.064 72.802
150.983 76.129
100.378 96.6167
157.246 110.262
164.476 100.859
157.589 122.456
157.592 122.481
151.677 75.239
127.439 71.3622
126.98 70.3052
151.944 74.8757
102.35 116.334
96.4452 99.5786
158.421 112.638
127.969 72.2794
158.529 112.847
162.451 102.265
101.296 115.749
154.085 71.8439
126.632 69.5488
92.1133 102.887
159.033 113.682
156.04 75.5286
127.215 70.7312
160.582 83.8172
126.169 68.4071
97.9735 113.695
160.176 115.456
166.312 99.8157
126.712 69.6977
88.3578 105.642
160.565 116.041
159.957 115.072
126.057 68.0435
153.927 67.3447
94.5132 111.318
158.277 112.315
126.099 68.1577
159.775 82.0641
168.099 96.5459
87.0809 105.919
125.507 66.1332
157.398 110.544
157.35 110.195
147.437 60.9722
120.517 69.4784
92.7251 110.033
125.365 65.5352
167.618 94.4341
160.153 112.202
91.6401 109.275
138.088 52.5086
163.43 114.314
163.444 114.326
154.908 70.4033
157.385 110.213
118.824 70.4578
159.257 110.848
159.29 107.886
161.986 111.635
159.134 108.115
166.527 110.234
160.302 108.499
122.695 67.354
165.261 112.926
138.8 55.4288
160.621 105.664
88.9976 107.362
118.379 70.8532
161.806 103.577
155.458 71.285
119.679 69.978
87.0693 105.921
168.369 97.3884
117.812 71.3837
162.11 102.998
116.442 72.2995
116.157 72.5046
86.9224 105.922
162.517 102.161
159.693 77.726
95.0106 95.9527
163.004 101.729
116.055 72.9139
116.46 72.2551
116.827 71.9376
168.558 98.3136
163.247 101.564
86.3668 105.959
154.954 70.3111
86.7775 105.922
117.228 71.8492
117.537 71.5247
164.95 100.635
118.194 70.9498
119.449 70.1713
121.439 68.5943
96.5809 93.9158
169.488 97.906
165.797 100.176
159.647 75.9947
121.467 68.5742
99.7577 89.501
167.009 100.967
123.297 66.6219
90.6591 101.309
166.761 99.548
161.399 78.0661
125.121 64.7387
99.8678 89.3262
171.041 97.2181
125.339 63.462
168.015 98.7219
86.154 105.994
158.747 74.8477
86.4162 105.951
168.861 98.1974
122.991 141.547
122.614 142.457
124.56 63.3985
119.566 63.5515
84.2971 106.297
172.669 96.3326
122.244 143.113
155.102 69.9359
123.652 143.894
88.0998 112.1
169.876 97.7692
123.963 143.866
124.378 143.879
84.9556 109.06
170.519 97.4913
122.077 63.5613
173.501 95.849
125.517 143.832
88.9379 101.815
155.311 69.3703
125.096 143.806
126.039 143.665
119.16 63.6062
171.205 97.1541
174.764 95.0239
125.543 143.845
97.5467 87.6307
154.422 68.0051
99.0705 84.9864
123.13 143.882
171.844 96.8461
118.509 144.747
125.357 63.3189
116.737 63.5629
175.74 94.1957
123.092 143.885
90.1832 116.289
154.657 68.299
172.423 96.506
98.6437 85.5695
117.998 143.138
176.085 93.9143
117.321 63.5859
94.8522 121.366
173.118 96.097
156.961 69.0866
123.082 56.6822
122.327 143.866
118.03 143.264
92.198 96.278
115.912 63.5159
176.077 93.9193
173.828 95.68
95.3302 121.916
157.731 69.047
121.431 144.067
122.019 143.886
126.625 61.1114
86.3053 105.968
174.387 95.3208
89.0671 114.175
121.945 143.884
176.743 93.4933
159.332 69.1979
121.267 144.145
127.057 60.2744
174.871 94.9518
95.7131 86.0501
120.668 144.38
120.461 144.445
177.813 92.9116
87.3097 112.074
163.356 72.1198
175.566 94.3749
84.949 109.052
119.988 144.645
119.767 144.721
177.694 92.0879
82.797 106.523
176.215 93.8459
166.853 74.6787
112.064 63.7123
119.645 144.756
82.4509 106.822
115.041 145.125
177.225 93.2597
119.417 56.5862
123.956 57.2991
114.698 63.4965
113.485 63.5372
117.234 63.5674
116.58 63.5353
82.5888 106.531
115.92 63.5141
166.862 74.6854
177.867 92.886
127.237 59.9677
119.505 144.81
114.691 63.4928
112.32 63.6421
118.387 145.228
166.613 74.4884
88.0639 116.669
178.061 92.8476
113.553 63.4985
91.4498 86.7126
118.586 145.094
112.49 63.6612
112.701 63.5535
92.8535 83.9131
178.493 92.6682
118.147 145.366
119.356 56.579
162.879 71.7465
178.226 92.7948
82.0672 107.604
117.762 145.628
117.659 145.709
93.6936 82.0065
178.518 92.661
179.357 91.3399
159.125 69.0417
121.351 54.2693
117.147 146.065
81.5285 108.638
116.89 146.221
179.25 91.7456
178.91 92.5035
165.071 71.3613
116.201 146.683
130.355 58.9273
179.535 92.5005
82.42 106.266
92.0081 85.4617
115.954 146.83
179.596 92.4915
115.77 146.974
180.618 92.495
170.657 73.5833
117.101 56.4097
81.2732 109.114
180.621 92.4944
181.052 92.4951
81.931 105.518
115.41 147.299
112.473 149.203
181.058 92.4967
117.813 56.5422
166.683 71.913
109.151 145.944
82.4823 113.442
115.408 147.297
87.3592 122.304
116.074 56.3092
159.196 69.031
115.364 147.328
114.331 147.965
87.5233 85.3977
90.6644 129.104
114.465 56.1702
169.844 70.5764
114.24 148.029
114.094 148.121
115.089 56.2995
91.4643 130.467
87.7868 84.7282
172.433 71.2833
113.151 148.77
113.648 56.0209
112.712 149.037
89.2003 80.6595
87.2051 122.009
169.949 70.5931
111.745 149.648
111.074 150.009
131.692 58.4016
112.629 55.9553
116.999 56.3744
115.555 56.2669
116.15 56.2966
133.405 57.7996
114.616 56.1611
165.312 69.5461
110.839 150.12
80.6467 110.244
110.787 150.15
89.0256 81.0008
112.011 55.9042
113.53 55.9342
112.564 55.9
135.6 56.9054
110.396 150.43
160.701 68.7608
110.025 150.668
81.917 105.499
87.2856 85.9272
139.842 56.013
109.853 150.79
125.658 58.5852
161.617 68.4955
109.314 151.138
142.903 57.8541
124.36 57.5712
79.252 112.331
120.182 52.6978
80.5152 103.566
123.558 56.9936
122.378 55.576
108.568 151.568
164.895 67.4883
101.446 149.71
121.079 53.829
144.356 58.7672
84.9286 126.567
82.1833 122.485
119.235 51.1904
103.479 153.909
119.879 52.1043
169.893 66.3722
100.996 148.167
172.207 65.7009
170.877 66.0328
77.2173 115.319
101.129 148.695
119.333 51.2862
80.8074 87.3482
107.795 151.964
164.389 67.5736
136.467 47.5094
166.371 66.4236
118.89 50.5772
118.575 50.3217
77.3814 115.091
169.68 64.4437
107.574 152.065
76.8053 115.872
166.163 66.5326
107.149 152.294
159.777 68.8822
118.508 50.1879
161.206 67.7424
167.677 62.6937
156.249 69.2009
167.104 63.0846
85.5561 132.384
135.285 44.6414
162.292 66.8385
106.469 152.621
150.324 63.3965
83.8655 78.8547
105.75 152.93
159.139 69.0393
153.986 56.5752
150.099 63.1864
155.739 52.8809
157.759 56.8652
157.854 69.044
148.879 62.0994
155.325 69.3295
152.236 55.0115
157.173 69.0481
158.01 56.3258
157.877 68.0608
154.816 68.5333
147.861 61.2907
154.761 68.449
160.055 64.8491
160.6 56.1204
160.424 56.4
147.011 60.6298
159.215 53.1106
160.81 63.6593
162.135 61.7479
146.995 60.6173
163.477 59.6164
105.594 152.989
145.206 59.3356
134.704 43.4398
78.3112 91.7861
105.13 153.198
164.716 57.3159
164.999 56.9531
144.403 58.7949
146.926 54.4047
83.5804 79.3382
134.186 42.2642
141.977 57.236
104.538 153.436
85.2776 131.768
103.974 153.701
140.972 56.6034
77.9359 100.658
134.108 42.0507
146.748 49.2557
102.903 154.188
144.348 52.1393
102.452 154.385
80.495 103.539
101.974 51.0041
74.4753 120.045
101.442 50.3059
96.7276 51.1916
99.0267 50.8193
99.3295 49.604
139.049 55.5609
102.429 154.397
98.2305 50.3942
96.4582 51.311
97.9764 52.3512
97.569 50.8451
101.018 155.42
74.0096 119.273
138.352 53.5041
97.2569 51.0019
97.5583 50.8529
134.189 42.2722
79.0223 81.8649
95.519 51.5998
138.126 52.6393
100.896 155.515
97.7696 50.7222
100.096 49.0133
93.4843 151.674
83.4029 134.442
137.993 52.1326
101.16 48.0562
133.905 41.3511
98.6751 50.1237
105.456 159.583
74.1804 119.071
137.766 51.3348
100.531 48.7366
129.127 40.6299
92.8441 149.336
94.5 51.8657
76.7192 99.2394
137.097 49.2481
98.926 49.9057
75.4513 97.7993
94.8354 158.49
99.5267 49.4353
92.3172 148.106
77.0243 81.8116
128.412 40.8317
100.93 48.2903
136.532 47.6547
103.634 44.7274
104.679 159.136
79.0154 77.4053
94.4342 156.699
106.926 45.4957
138.158 46.4976
71.5575 121.935
100.603 48.6641
100.121 156.091
135.957 46.1776
130.012 40.4792
75.4076 97.7571
99.6266 156.383
80.7102 136.446
93.5 52.1119
104.863 44.4162
98.4683 157.016
135.423 44.9064
71.1339 122.344
133.316 39.7822
101.716 47.4074
92.5 52.2961
97.2389 157.763
80.2813 135.657
140.665 41.7811
90.2763 154.152
91.5 52.4262
72.3104 84.9784
135.166 44.3745
101.871 47.2006
107.075 42.083
88.8402 149.581
71.6648 121.819
133.227 39.2798
96.3586 158.27
72.342 94.8904
89.0069 150.254
88.8262 52.4291
68.0627 125.228
133.901 41.3347
95.7796 158.634
107.043 42.0667
132.881 36.7482
73.6013 78.278
88.3192 52.577
137.664 39.8338
90.2084 154.014
70.9683 93.6804
126.168 36.3736
101.787 162.018
193.658 70.4887
136.611 40.2111
105.526 41.5782
193.757 70.4526
191.655 66.6007
75.2038 74.9186
194.959 69.5262
191.74 66.6379
88.4036 52.3543
89.0623 152.368
66.912 126.315
101.067 161.652
126.919 36.2329
192.233 66.6953
192.203 66.6842
194.433 69.9872
193.489 66.8226
196.47 68.5784
133.036 37.6632
196.236 74.4378
70.3431 93.1847
88.0481 151.109
102.049 46.9951
89.4893 52.4883
65.6144 127.578
196.878 73.3689
193.602 66.8169
195.367 66.9373
95.7012 158.674
128.905 35.6786
196.207 74.6715
198.434 66.8987
90.4853 52.4849
68.6916 91.9261
90.3563 154.347
65.1842 128.008
132.735 35.5253
102.147 46.8673
198.634 66.9096
196.444 74.2219
94.9473 159.098
102.427 46.5516
102.818 46.0481
95.2609 51.6444
102.843 46.0109
87.4765 51.9769
102.916 45.9156
94.2822 51.8979
91.1087 155.964
69.9987 78.1269
103.235 45.4325
93.5271 52.1027
132.645 35.018
64.5735 128.62
199.179 69.1042
103.937 44.1093
94.7539 159.26
103.953 44.0692
92.3241 52.3009
197.012 73.2373
103.97 43.9763
132.645 34.492
104.225 42.9971
67.3541 90.9696
86.4023 51.737
91.2808 156.301
64.1031 129.103
104.363 42.2684
198.109 64.9646
158.258 35.7135
157.812 35.4858
90.8711 52.4197
155.414 34.4445
132.651 34.381
158.93 35.9529
94.5006 159.46
155.871 34.6864
104.614 41.3816
154.877 34.0504
86.4682 51.5881
63.7905 129.421
159.454 35.966
197.542 63.336
89.3007 154.931
104.614 40.865
195.943 53.2157
195.868 58.8524
104.66 40.3294
198.659 70.3645
62.6266 130.869
195.531 55.5852
128.66 33.3478
153.967 33.2332
193.395 52.7995
94.3681 159.561
193.253 57.1848
89.1274 52.4296
195.531 56.2149
159.789 36.0697
153.585 32.8613
198.682 66.8962
63.9346 79.8138
195.655 54.1608
194.368 54.3599
85.7386 51.3327
127.162 32.9005
104.66 39.6771
85.6483 152.6
154.339 33.6294
201.254 70.6473
66.8558 90.6024
156.24 34.879
87.3975 51.9319
104.691 39.307
191.962 52.3433
93.4879 161.314
125.813 32.6224
157.056 35.1407
192.625 54.7941
160.647 36.0515
201.29 73.5546
66.4392 76.665
84.3082 50.8624
195.901 53.2984
86.6715 51.6231
85.9668 152.85
104.691 38.5423
61.8469 132.067
132.651 34.1045
153.076 32.2092
195.848 53.4578
104.7 38.4334
161.476 36.0265
99.5669 165.933
60.5716 135.341
132.756 33.5116
83.9839 50.7193
91.5309 156.652
132.878 32.5
65.9322 89.9957
87.0666 50.5519
160.575 36.0719
201.34 74.3155
104.7 37.5518
92.7583 162.663
161.956 35.8792
194.304 51.5961
132.762 31.7455
162.542 35.7849
60.3396 142.764
158.054 35.5835
86.2634 154.67
152.745 31.7966
63.4006 88.3942
157.083 35.1604
156.024 34.7359
84.0664 50.7652
157.519 35.313
104.69 37.4334
162.959 35.6098
155.215 34.265
163.888 35.2885
86.1349 51.4336
132.922 31.7925
154.698 33.8568
201.453 74.5902
104.69 36.5785
195.628 52.2513
92.2142 163.599
163.229 35.5502
61.679 148.443
59.833 91.0955
127.387 29.7404
153.977 33.2388
163.653 35.353
83.2551 50.2077
84.2942 154.042
84.8448 50.9846
201.334 72.9401
152.454 31.3353
164.675 34.8702
153.418 32.5542
104.673 36.3796
199.891 67.6815
62.5519 151.087
196.29 52.6269
181.07 45.0209
104.673 35.5436
54.0592 102.597
127.983 30.06
164.851 34.8018
83.4773 50.3416
152.975 32.0203
100.822 169.146
82.8184 49.8628
181.465 44.999
90.0537 156.158
164.964 34.7341
204.006 73.3011
133. 31.4812
152.541 31.4156
152.101 30.5615
196.2 51.959
166.69 33.844
104.665 35.4497
91.4189 164.891
61.7619 87.4359
133.135 30.7797
104.665 34.6515
82.8539 49.8837
82.3212 49.4765
92.6577 162.828
152.233 30.6924
165.426 34.3842
181.712 44.6849
182.341 44.4818
69.0638 155.647
195.63 54.3585
152.062 30.0903
204.256 73.8971
133.218 30.1556
74.7858 154.923
133.441 28.9296
166.828 34.0088
91.3274 165.023
61.3341 87.1544
133.485 27.9715
165.525 34.3276
90.2694 166.474
71.2211 156.604
81.8222 49.0723
182.893 43.8129
204.555 74.4779
82.2168 49.3698
104.632 34.2587
104.632 33.774
195.547 56.3573
184.998 41.9423
183.484 43.4813
73.6262 158.754
89.3418 167.817
138.149 25.9843
165.965 33.9978
56.0947 93.4518
204.473 74.1811
178.005 40.0209
166.572 33.6457
128.071 26.1033
178.598 40.0209
81.3779 48.6487
81.4374 48.694
92.3375 171.23
178.67 40.1529
179.591 40.0915
185.086 41.8205
106.898 31.8513
185.766 41.1065
104.792 32.4593
181.049 40.364
195.719 57.3219
179.652 40.1474
166.722 33.4547
182.395 40.3688
59.8996 86.2412
167.072 33.1118
203.501 71.3767
187.048 44.3888
180.622 40.2008
180.286 40.2423
80.8657 48.1343
107.83 31.4254
80.8688 48.1367
133.311 27.9011
195.856 58.0072
187.432 45.1584
133.55 27.9927
101.057 173.743
51.895 101.926
167.566 32.5027
104.56 32.914
167.585 32.4838
80.3235 47.6021
182.533 40.3926
80.3631 47.632
133.897 26.9269
104.56 32.505
200.378 67.7989
187.656 45.7238
196.017 58.7484
133.992 26.6828
59.0501 85.6369
167.732 32.2995
167.845 32.1136
99.8649 173.228
134.104 26.4201
80.0133 47.2902
186.356 42.9226
134.146 26.3067
79.8733 47.1099
104.23 31.337
201.385 68.0939
91.4477 171.034
187.551 45.2896
196.404 59.8051
168.207 31.3108
168.323 31.1099
58.7062 85.4173
104.193 31.2349
185.979 40.1527
202.262 68.0832
79.7251 46.9656
134.411 25.6894
205.405 68.827
197.276 62.2172
79.4073 46.5509
134.634 25.2376
206.916 71.5254
196.575 52.2784
186.972 44.0999
87.8069 170.112
103.791 29.6909
56.2075 83.8835
196.695 60.4447
204.597 67.4794
186.775 38.8091
168.541 30.6524
134.938 24.6739
103.738 29.5483
79.0855 46.2349
168.589 30.4602
206.43 70.4763
78.9636 46.0731
178.864 35.9621
135.076 24.3609
181.59 36.0753
179.638 35.9525
196.87 51.9816
185.894 41.4378
55.8482 83.6704
195.79 57.605
206.454 65.1978
107.075 28.1964
103.503 29.0756
135.144 24.2251
180.645 36.0327
180.524 35.9841
179.649 35.9612
168.572 30.5545
133.244 22.7781
99.0921 177.113
78.9447 46.0389
205.267 68.5449
78.7748 45.8144
103.129 28.3284
169.039 28.9125
197.532 51.3407
186.591 39.1703
195.735 53.9029
206.42 61.1866
55.5483 82.2368
62.6465 151.289
55.4387 81.7537
64.4817 155.509
65.3616 157.604
66.02 159.398
66.5028 160.961
135.165 24.1917
168.884 29.5797
103.475 29.0069
55.3044 81.2048
141.2 20.8514
181.586 36.0762
204.726 67.6089
55.0802 80.3525
78.5862 45.4222
78.1692 44.8151
77.856 114.368
99.4952 177.209
206.442 61.2019
197.1 51.7712
54.5186 70.0168
197.957 50.927
184.106 36.1128
103.105 28.2763
135.186 24.1523
184.395 36.0836
204.815 67.6559
51.3001 85.7228
135.521 23.5886
72.3926 121.009
169.078 27.4672
169.039 28.9832
102.967 27.9019
184.374 36.0457
78.1454 44.7904
77.7563 44.2106
200.01 48.8785
206.563 61.3119
182.689 33.5276
136.013 22.8451
182.391 32.8585
197.655 51.2289
94.6807 175.725
67.8737 125.4
136.259 22.5091
207.666 69.2426
52.8406 73.4765
102.249 26.5611
54.881 79.6453
103.418 27.6837
182.094 32.5444
77.5335 44.2267
169.078 26.5025
169.776 29.1827
77.7215 44.1744
92.8034 175.267
203.053 44.8032
182.074 32.3261
54.5959 78.6986
67.3517 125.888
67.0199 162.809
136.382 22.322
195.324 36.331
136.792 21.7635
198.486 50.4464
206.692 61.4685
205.103 67.7856
183.156 33.9694
100.087 27.0917
54.5325 78.4675
77.4293 43.5404
102.469 26.9267
66.7599 126.457
136.828 21.7192
136.925 21.5885
77.3906 43.4871
205.213 66.8449
54.1932 77.3119
90.8318 174.692
169.079 25.5401
169.084 28.6052
53.9853 76.6504
199.493 49.4469
205.78 66.1854
207.779 62.4744
102.033 26.1399
137.207 21.1594
66.0543 127.138
184.235 35.7103
77.1552 42.8023
76.9388 42.4644
137.571 20.6616
101.865 25.6858
53.1303 63.6317
205.875 66.0655
138.022 20.1077
47.6338 87.2705
65.596 127.596
86.7471 173.765
207.99 62.6998
200.185 48.701
138.252 19.8531
169.014 23.9831
169.084 27.5086
101.232 24.6854
57.6504 61.1962
76.8601 42.0411
76.6689 41.6702
185.835 37.0202
187.186 38.1308
103.24 25.0374
138.569 19.4626
88.0756 176.076
46.1724 87.8365
207.904 61.0785
65.0519 128.136
206.653 64.9358
200.744 48.0758
138.712 19.3037
168.517 22.392
188.002 37.8383
169.079 26.5
100.027 23.0579
137.059 16.7329
76.5059 41.5191
76.4589 41.3825
189.842 37.0358
54.4462 62.8261
190.478 36.8094
167.997 21.1347
102.479 25.3646
53.7488 75.9456
207.713 63.2214
64.75 128.438
137.23 17.0121
192.324 36.0934
208.196 62.5509
201.183 47.554
138.807 19.1701
96.9743 180.76
99.6071 22.6038
167.73 20.6866
55.1199 62.3464
139.668 18.3112
64.4526 128.741
87.8737 175.087
208.421 62.4345
193.806 35.4761
139.675 18.3053
101.43 24.9673
169.086 25.4914
53.2737 74.6177
140.956 17.0243
99.0729 21.9982
201.521 47.1093
167.398 20.0228
42.9594 89.0455
63.9379 129.268
208.655 62.2879
93.7039 178.845
93.0826 178.439
139.941 15.6073
100.985 24.2811
194.374 35.8027
208.871 62.1842
167.129 19.4175
142.104 16.1092
63.4586 129.753
140.21 15.9963
91.7685 177.681
202.321 45.949
169.086 24.3947
98.5381 21.3816
52.4987 72.4862
209.467 61.8306
166.6 18.6666
144.461 14.5042
52.2649 71.8553
209.881 61.5483
100.418 23.4508
192.753 31.6887
140.999 16.9766
63.4399 129.772
165.862 17.6798
141.45 16.6175
98.0494 20.8454
91.0517 177.231
53.7697 56.9171
210.235 61.368
203.068 44.7809
169.031 24.0245
165.267 16.813
141.717 16.3794
141.713 15.7881
100.638 23.2854
57.4542 124.986
141.919 16.221
194.542 35.8882
164.387 15.9488
210.874 60.9588
59.212 54.9935
52.2 71.7013
162.924 14.7904
169.806 23.814
90.6027 185.01
97.4148 20.2267
143.965 14.8352
142.711 15.6932
211.322 60.7561
162.981 14.8198
204.39 47.0238
51.0884 120.086
142.851 15.5848
168.921 23.6192
100.662 23.2651
163.196 14.9971
53.8076 56.9018
143.571 15.0751
191.756 28.9951
143.32 15.2678
51.3298 120.299
96.8047 19.646
89.3781 179.793
162.024 14.2378
143.668 15.0075
160.78 13.4826
36.2267 91.8829
211.656 60.5535
212.354 60.2739
204.144 46.5648
145.667 13.5815
99.7573 22.7547
168.46 22.0978
190.361 23.8294
51.9805 71.2109
62.8192 129.327
145.694 13.564
189.724 26.7879
33.8209 101.143
89.33 178.166
96.074 19.0013
212.908 59.9693
203.413 44.1325
98.9608 21.8552
212.958 59.9528
190.714 26.5231
52.2663 122.818
34.8564 103.875
168.306 21.626
147.24 12.4244
35.6804 106.272
93.0798 183.119
95.4829 18.4822
168.301 21.6176
213.646 59.6153
50.18 121.67
147.588 12.1244
205.869 47.167
35.2246 107.246
214.116 59.2932
35.9008 106.671
98.3869 21.1905
190.656 26.2362
167.873 20.9021
159.365 12.8947
147.701 12.0113
94.319 17.5544
63.0133 130.339
146.5 8.35687
93.0236 183.055
214.255 59.2246
36.1504 107.051
37.2505 109.014
214.874 58.7647
205.103 46.154
98.3185 21.1144
62.4204 131.14
144.5 7.09066
167.324 19.8098
92.6382 17.7766
190.342 22.8338
89.3098 179.606
34.027 110.355
147.5 9.32434
214.788 58.8497
33.8013 101.096
167.078 19.2942
98.0411 20.8361
203.619 43.6239
51.2354 125.628
215.459 58.3372
152.5 10.4312
30.6507 102.44
93.0989 16.9278
91.5095 183.692
167.072 19.2842
190.381 22.2825
37.3189 109.182
37.7121 110.36
46.5598 123.289
154.505 10.8793
215.566 58.2889
166.89 19.0103
97.5498 20.3466
200.792 40.2614
92.6469 16.6443
155.5 11.513
216.241 57.8149
90.9091 182.49
46.0361 123.1
166.256 18.1537
33.4016 98.8497
190.342 23.3806
38.9067 110.156
156.431 11.9803
216.422 57.7308
97.0837 19.8949
50.9026 125.482
199.439 39.1063
165.459 17.0494
90.0988 15.4286
216.605 57.6001
88.588 177.247
37.618 109.796
33.7801 97.0363
61.3673 132.813
157.645 12.426
165.22 16.742
38.3939 112.117
38.9817 113.9
216.801 57.5028
96.6743 19.5158
190.455 21.6138
88.0798 18.7704
136.5 6.5
136.5 6.5
135.5 6.5
135.5 6.5
134.5 6.5
133.5 6.5
132.5 6.5
131.5 6.5
130.5 6.5
140.49 6.49737
129.5 6.5
91.1418 186.879
137.5 6.5
199.651 39.271
128.5 6.5
165.102 16.5984
127.5 6.5
50.8607 68.4859
52.0966 129.709
126.5 6.5
216.873 57.4873
125.5 6.5
164.731 16.2263
124.5 6.5
89.1668 15.1158
96.2921 19.1745
217.313 57.3163
123.5 6.5
208.116 45.1101
90.6309 185.089
122.5 6.5
39.138 114.069
39.2535 114.328
164.282 15.8399
190.447 24.7428
50.6073 67.8993
48.6781 128.616
121.5 6.5
120.5 6.5
163.657 15.3145
89.2423 15.1503
217.421 57.305
38.9408 113.98
38.8151 113.217
38.7733 113.15
95.6028 18.5778
119.5 6.5
45.6569 127.564
87.481 174.807
217.474 57.3099
118.5 6.5
162.994 14.8252
217.883 57.2577
209.955 46.3826
37.7279 64.1354
117.5 6.5
44.1821 127.08
163.066 14.7216
218.15 57.3126
218.07 57.2783
163.082 14.6934
86.5805 13.8811
116.5 6.5
190.769 26.6664
86.3379 173.203
162.329 14.4022
138.5 6.5
94.884 17.9429
38.3933 112.115
115.5 6.5
46.3888 127.887
161.296 13.7537
37.6166 109.79
114.5 6.5
206.209 43.6148
49.2279 128.826
84.5481 12.7691
160.294 13.1639
113.5 6.5
86.1642 173.028
94.6912 17.7884
37.8858 110.959
160.261 13.1468
160.755 11.9731
159.359 12.8923
112.5 6.5
206.462 43.6905
157.966 12.4993
49.6878 65.5528
61.1236 133.336
58.102 38.0819
191.267 27.867
83.4372 12.5
85.6968 172.53
111.5 6.5
140.5 6.49496
195.501 36.4425
193.682 34.8483
195.8 36.6061
40.1426 67.6732
110.5 6.5
193.361 33.5719
95.4035 16.8922
196.926 37.2974
60.8769 133.899
198.281 38.1915
192.944 32.2008
198.948 38.6911
208.009 44.0678
57.1774 37.6152
82.3108 187.417
82.5 12.5
109.5 6.5
138.5 6.5
192.571 31.0577
44.2863 131.898
200.199 39.7201
190.439 21.6902
42.0189 67.1721
192.227 30.0958
108.5 6.5
46.3908 44.5
94.0869 17.393
139.489 6.5
201.581 41.0699
42.8762 131.629
84.0175 189.999
81.5177 12.5
107.5 6.5
139.5 6.49737
137.5 6.5
134.5 6.5
141.5 6.49227
191.805 29.0901
133.5 6.5
141.782 6.5622
132.5 6.5
202.433 41.9889
142.5 6.54639
36.782 68.9349
131.5 6.5
143.5 6.76727
55.3939 32.7651
190.517 21.2898
130.5 6.5
143.649 6.83653
145.5 7.61231
129.5 6.5
148.5 10.5147
46.015 132.393
128.5 6.5
208.445 44.1592
148.751 10.8692
191.578 28.5351
106.5 6.5
127.5 6.5
94.032 17.3596
149.36 10.7628
202.761 42.3733
126.5 6.5
54.4585 32.2375
149.5 10.7285
150.5 10.5662
125.5 6.5
52.0441 133.5
67.5624 165.093
151.5 10.4873
80.632 12.4989
191.106 27.4336
105.5 6.5
124.5 6.5
151.817 10.4888
202.784 42.4032
123.5 6.5
153.5 10.4312
49.2865 64.8157
49.1473 64.4809
153.66 10.4447
36.9311 34.9721
122.5 6.5
204.065 43.5407
55.1247 133.926
209.275 44.2779
104.5 6.5
190.835 19.595
153.942 10.4447
94.0131 17.3493
121.5 6.5
154.5 9.73704
155.5 8.69003
78.638 12.5446
55.3008 30.0529
38.758 61.9778
120.5 6.5
203.113 42.8635
190.563 25.3409
156.5 7.86529
103.5 6.5
51.2557 134.5
119.5 6.5
76.1196 12.7927
45.6649 135.603
157.5 7.26282
158.5 6.88262
48.702 63.3144
85.298 191.933
44.3229 136.018
42.5393 136.388
118.5 6.5
206.01 43.5261
74.9051 15.5775
73.4185 13.3195
60.5795 135.298
158.72 6.84789
102.5 6.5
62.0232 29.2774
56.0926 25.7582
92.6031 16.6137
203.642 43.6203
117.5 6.5
159.5 6.65647
159.96 6.65049
73.783 13.2501
116.5 6.5
204.371 43.4972
47.2792 59.8205
60.2729 136.813
101.5 6.5
160.5 6.52418
73.1734 17.6357
73.333 18.0934
190.48 18.7988
62.2027 29.3612
115.5 6.5
190.362 23.5883
206.92 39.8048
161.325 6.5342
161.5 6.49032
207.242 39.2074
91.7124 16.0691
39.4453 46.5389
52.1715 139.181
58.8337 21.9819
114.5 6.5
100.5 6.5
51.7999 139.279
61.1725 147.035
60.0169 20.9784
162.5 6.49032
71.5428 13.7137
63.7789 153.962
49.5322 139.999
61.0444 146.651
85.8657 192.727
206.28 40.8101
60.4472 20.6925
60.1401 141.197
62.2754 150.295
162.537 6.4996
56.895 155.172
113.5 6.5
48.4791 140.407
53.9239 157.106
60.0342 147.232
69.8522 14.0276
47.7867 140.739
163.5 6.4996
53.7638 157.237
67.3312 15.8943
99.5 6.5
62.9684 18.814
62.3766 19.2935
61.0016 146.536
66.7376 16.3362
45.4654 141.665
44.9157 141.817
204.434 43.4972
190.959 18.9939
112.5 6.5
204.51 43.5
55.8202 142.882
58.5825 141.828
49.6632 145.475
60.4208 143.565
53.5384 147.127
54.5361 150.975
91.6677 16.0449
49.2526 149.141
60.7618 145.558
65.9482 159.22
56.1851 148.046
163.502 6.5
164.5 6.5
39.966 63.2141
50.07 151.095
50.8021 153.315
46.3055 146.781
205.441 43.5
51.0661 153.11
190.381 22.4328
49.1093 145.667
111.5 6.5
205.444 43.5001
48.0898 146.137
98.5 6.5
205.942 43.5001
210.484 41.9297
164.5 6.5
208.97 42.467
211.73 41.3852
206.917 43.0657
209.956 42.086
110.5 6.5
165.5 6.5
206.962 43.048
208.249 42.0733
86.6231 193.479
165.5 6.5
90.597 15.5501
97.5 6.5
191.09 18.6737
109.5 6.5
67.3457 164.264
166.5 6.5
166.5 6.5
108.5 6.5
190.462 21.5906
47.2502 59.7301
96.5 6.5
167.5 6.5
167.5 6.5
91.5963 13.2084
107.5 6.5
168.5 6.5
86.4945 193.427
95.5021 6.5
38.0209 62.1275
191.515 17.6007
68.8748 170.41
106.5 6.5
168.5 6.5
169.5 6.5
105.5 6.5
94.4995 6.49958
91.7813 12.6522
190.76 20.229
67.4702 15.7816
169.5 6.5
47.1283 59.1425
34.8857 63.0863
47.1255 59.1262
36.7457 58.2553
170.5 6.5
33.2432 99.5696
38.4631 57.9479
84.1584 190.249
104.5 6.5
85.8385 192.673
191.648 17.3294
93.502 6.49958
88.3978 14.7122
170.5 6.5
33.7279 59.1283
103.5 6.5
171.5 6.5
45.9206 87.9251
65.8677 16.9374
171.5 6.5
92.2286 6.5644
85.0613 191.431
191.153 18.5447
102.5 6.5
40.8873 57.3708
83.0725 188.723
191.726 17.1969
172.5 6.5
79.501 181.501
85.6962 192.522
79.158 180.825
172.5 6.5
30.0747 103.008
101.5 6.5
76.1313 185.09
191.924 16.9111
173.5 6.5
173.5 6.5
46.3495 56.3793
36.5443 91.2693
100.5 6.5
76.063 185.575
174.5 6.5
192.023 16.7476
192.278 16.3995
73.1849 186.05
202.695 22.3228
202.026 21.4819
174.5 6.5
99.5 6.5
203.35 22.871
46.2049 55.3382
175.5 6.5
202.324 21.9614
76.7236 178.502
33.3182 99.1943
203.182 22.8134
98.5 6.5
90.3223 6.84661
175.5 6.5
77.0401 176.169
46.1413 54.727
176.5 6.5
203.705 23.2013
192.315 16.3379
33.9515 96.0928
97.5 6.5
84.1191 12.4961
204.171 23.3884
176.5 6.5
177.5 6.5
76.9768 175.663
204.23 23.3889
192.674 15.8405
46.104 54.4554
96.5 6.5
192.732 15.7384
177.5 6.5
205.017 23.7216
54.0801 170.242
29.6199 103.516
178.5 6.5
204.828 23.7166
95.5 6.49947
46.0907 54.3258
202.694 22.3215
201.999 21.1094
193.148 15.1344
205.626 23.9967
202.246 21.6887
34.0341 95.947
178.5 6.5
75.9049 191.428
179.5 6.5
94.5 6.49947
205.628 23.9979
46.0393 53.5708
193.466 14.7489
53.5947 170.17
179.5 6.5
206.174 24.156
206.424 24.1579
76.8722 174.66
93.5 6.49909
64.5664 17.7936
180.5 6.5
28.6914 104.429
206.651 24.2006
46.0033 52.5
180.5 6.5
193.546 14.635
28.1163 96.7346
92.5 6.49709
207.133 24.0991
193.912 14.2044
181.5 6.5
53.2754 170.143
207.458 24.1184
181.5 6.5
46.004 51.6699
77.0205 195.083
91.5 6.5465
63.3498 18.5295
208.103 23.8662
208.193 23.8608
182.5 6.5
194.192 13.9274
182.5 6.5
194.259 13.848
27.5476 105.523
71.3629 173.823
90.5 6.7647
61.7132 19.7928
61.0266 20.2967
59.3088 21.5665
45.9981 51.5
34.3583 95.3375
183.5 6.5
183.5 6.5
208.517 23.7435
89.5 7.08655
45.9981 50.5
194.761 13.3547
77.9543 196.829
194.792 13.3292
209.13 23.4036
184.5 6.5
184.5 6.5
45.9995 50.4605
71.7305 173.063
88.5 7.60045
26.4608 106.534
45.9995 49.5
185.5 6.5
35.6148 90.4667
195. 13.1237
185.5 6.5
209.167 23.3684
87.5 8.33648
195.125 13.0169
51.9797 170.123
209.917 22.9578
77.9161 196.391
186.5 6.5
46. 49.4845
86.5 9.29463
69.0968 171.234
186.5 6.5
195.639 12.676
196.226 12.2024
59.147 170.797
75.7231 189.175
77.641 196.102
25.3993 107.396
77.3821 195.439
187.5 6.5
76.6281 194.266
46. 48.5
210. 22.8758
75.7249 190.527
75.9876 192.09
75.6931 190.111
57.5374 170.576
75.7018 190.327
76.2586 193.322
55.5843 170.375
35.4189 90.2852
210.229 22.7226
51.5604 170.145
76.584 194.191
76.7362 194.583
85.5 10.4749
52.9129 170.138
187.5 6.5
230.495 44.0286
188.5 6.5
228.795 42.7193
230.002 44.5175
228.795 42.7192
46. 48.5
196.494 11.9364
188.5 6.5
196.732 11.7471
84.5 11.8773
210.46 22.4922
52.8594 170.141
232.116 42.9691
24.4574 108.156
210.659 22.2018
50.3121 170.112
189.5 6.5
23.2876 108.905
231.086 42.695
229.64 42.8073
231.662 45.7822
50.1176 170.127
56.0103 170.432
48.8822 170.114
46. 47.8119
48.8729 170.112
83.5 12.4961
48.4898 170.109
197.578 10.9304
189.5 6.5
198.299 10.0537
33.1074 88.2769
190.5 6.5
62.7714 171.408
48.4136 170.117
66.7194 183.138
43.8673 47.4579
210.826 22.0334
232.381 42.7676
211.363 20.9593
82.5 12.5
47.0749 170.099
47.96 170.099
191.487 6.5
190.5 6.5
191.5 6.49674
231.485 46.382
198.891 9.16895
47.7231 170.126
46.0559 47.5
66.8424 171.895
26.7787 85.6417
47.0053 170.11
46.8567 170.181
81.5 12.4989
65.0048 186.163
211.167 21.4933
231.646 40.3631
192.5 6.49674
25.6984 77.6603
33.7207 44.8648
211.591 19.7015
60.5518 182.421
195.614 6.83473
80.5 12.4906
233.057 43.3924
63.7532 188.493
231.529 40.1269
230.591 37.4858
211.346 21.0325
36.2496 45.6729
230.521 37.0042
192.505 6.4981
24.5127 97.0567
230.558 35.2556
230.504 35.5528
28.4319 104.649
32.5527 87.8329
66.6582 171.94
71.3808 173.784
21.9653 109.66
27.0874 105.904
232.216 42.0174
230.501 35.5873
79.5 12.4906
64.4321 173.526
63.2279 189.566
64.1846 173.717
32.5132 87.7987
25.3346 107.436
211.643 18.5066
60.5704 176.363
65.233 185.697
194.5 6.55575
233.938 46.8118
29.8722 85.8369
46.1998 46.5
193.5 6.49393
58.1986 178.292
229.526 34.2003
211.44 20.8056
20.8941 110.395
78.5 12.5441
31.4974 86.9896
23.5918 108.662
233.973 47.7571
221.998 29.9654
30.3061 86.1225
46.3081 45.5
193.798 6.5673
195.5 6.78138
58.1058 178.378
211.558 17.1788
211.267 15.8768
56.4091 179.76
64.0578 187.789
230.648 34.6041
62.8265 190.415
77.5 12.6026
22.3816 109.361
20.4823 110.691
222.67 29.0961
222.32 29.5285
29.0968 84.3692
46.3593 44.7971
211.596 20.206
196.5 7.11121
197.5 7.64659
234.043 46.4219
210.808 14.9277
25.0717 78.0571
222.478 29.4911
27.5503 81.742
55.8883 180.268
63.2883 189.394
230.744 34.5857
76.5 12.7232
34.5158 95.0224
55.1142 180.884
46.4307 43.9334
21.812 109.722
26.625 80.4005
210.447 14.2704
26.0628 96.8653
23.2856 97.1359
198.5 8.40528
62.5515 191.063
199.032 8.92799
199.5 8.80708
209.887 13.4896
211.643 19.4951
207.181 11.1265
223.084 28.7058
220.845 26.9951
223.45 28.5212
25.8326 79.0087
221.692 26.9387
20.1894 110.888
21.1735 110.129
46.5091 43.515
224.826 26.164
75.5 12.8745
209.193 12.644
54.5526 181.446
62.8185 190.428
22.8746 97.1292
22.3003 97.1581
221.846 26.795
230.722 34.6214
232.409 42.7595
200.456 8.67484
200.5 8.66429
54.0126 181.862
25.4318 78.4119
224.795 26.337
23.2127 75.8564
34.9397 40.8336
62.2108 191.73
74.5 13.0677
24.7039 77.5752
23.6113 76.4805
20.5789 110.595
20.8456 97.1007
20.5859 97.0655
224.668 27.1942
211.645 18.4972
202.162 8.55263
29.5808 85.3119
201.5 8.54797
53.6142 182.275
23.4955 85.5698
224.982 28.4813
37.1149 41.548
23.405 76.2077
26.6666 85.6294
19.2735 111.388
19.9712 110.953
230.001 32.8876
225.235 29.0517
62.2964 191.49
61.9203 192.261
234.838 44.6777
73.5 13.3002
19.3319 111.327
52.8895 182.802
51.3759 183.55
52.8078 182.843
207.934 11.5655
46.6228 42.7599
23.1801 75.9684
22.8593 75.9721
223.439 24.2829
25.7727 85.5746
211.645 17.5246
221.942 24.1809
52.5735 182.934
18.2831 112.044
231.305 33.8253
225.488 29.5861
21.2756 85.5471
19.0659 97.0391
18.9765 97.0226
72.5 13.4853
234.14 43.5045
61.6672 192.533
61.8405 192.372
23.6053 85.5641
23.0538 75.9047
52.0794 183.279
46.7081 42.0113
202.5 8.51056
220.989 24.0333
222.243 24.0927
22.4865 75.3717
22.0839 75.1533
18.7471 111.624
17.8228 112.496
71.5 13.7184
211.563 16.7903
230.496 35.9781
225.337 29.1714
38.3553 38.7123
20.7221 85.4841
19.6321 85.4704
60.7366 193.451
61.4809 192.835
206.78 10.8743
233.117 43.2573
21.4329 74.4964
211.399 16.141
18.2607 112.053
17.7733 97.1586
18.1779 97.0351
70.5 13.8843
60.6861 193.465
36.2479 38.0475
211.28 15.8966
19.156 85.3759
19.4109 85.4386
230.697 37.8831
204.685 9.53578
17.4552 112.804
17.7013 112.544
223.304 23.8455
211.032 15.2705
224.76 26.7667
20.858 74.2919
20.579 74.0312
18.1119 96.8631
236.344 43.8428
46.7115 41.9882
69.5 14.0909
17.2394 112.84
234.402 43.5018
231.407 39.7531
234.496 43.4815
210.571 14.4308
205.95 10.4703
20.1481 74.0051
230.499 36.0222
235.719 43.1203
53.9886 27.0945
55.4594 25.3523
36.3971 45.7028
210.331 14.0442
19.045 85.3329
210.07 13.6701
17.1683 97.2019
16.7324 97.308
222.51 22.6344
207.595 11.3163
69.3877 14.1171
208.507 12.0385
203.5 8.51056
209.609 13.0721
236.131 43.4846
231.658 33.4106
222.094 22.0052
56.5349 24.2161
222.511 22.71
209.184 12.6318
224.448 25.2178
207.972 11.584
208.769 12.2194
203.518 8.51279
230.538 35.4093
237.361 41.1243
208.267 11.7986
68.5 12.5857
18.2877 85.1843
65.6255 17.0913
18.2439 85.1689
67.5 11.0827
236.114 43.4612
47.0904 40.3514
15.7634 97.2567
15.9177 97.2915
62.2736 6.86087
63.229 18.5968
224.594 25.3161
234.436 30.1121
225.039 25.7136
18.1902 85.0313
203.709 8.51279
236.928 38.9466
231.323 33.8076
17.2224 85.0946
38.8673 35.5916
43.0064 37.3392
36.2228 41.208
15.7376 97.2478
204.5 7.86018
66.5 9.80175
62.4815 16.882
237.089 43.851
60.3595 12.7073
60.0617 11.8936
47.3669 38.8995
63.0759 18.7202
17.0517 85.0576
14.5062 97.0443
227.425 24.9045
228.394 24.4249
205.5 7.25797
61.0703 6.66004
61.6852 19.8123
237.138 39.3361
232.349 32.748
43.296 36.3736
65.5 8.74298
47.4581 38.6139
60.225 20.8332
52.4951 29.156
15.0224 97.2004
206.5 6.87833
15.8324 85.014
236.134 42.7184
206.583 6.86534
59.8566 21.0821
229.186 22.8373
52.7357 28.8316
57.9033 17.2241
59.6934 6.53864
58.7415 19.0217
64.5 7.90633
59.5454 20.5462
15.687 84.9702
13.5081 96.9975
237.202 41.3711
59.3915 21.4889
237.929 40.24
228.69 21.344
207.5 6.63884
47.4681 38.5874
233.215 31.7843
47.815 37.7471
58.1013 22.5799
208.003 6.63247
48.155 36.9909
56.3614 20.1367
55.2227 18.6952
57.699 22.9806
48.4939 36.1678
58.4627 6.49947
44.3672 32.693
42.6924 31.8127
48.8623 35.3244
56.2659 24.4846
63.5 7.29181
13.6885 97.058
229.458 23.9713
49.175 34.7542
14.6558 84.9808
208.5 6.51577
55.4337 25.3735
237.74 40.6406
227.541 18.3409
49.3788 34.2863
53.3911 22.2667
209.359 6.52613
49.5146 33.9443
49.6268 33.6846
54.3505 23.7919
55.371 25.4357
55.3084 25.502
54.8502 26.0183
227.637 18.8957
49.682 33.5648
54.5135 26.4227
14.5265 84.9351
53.9559 27.1342
237.952 40.2789
234.19 30.5172
57.4979 6.5
50.3702 32.3474
53.3815 27.8775
53.1696 28.1696
49.7475 33.4329
52.968 28.4665
51.0014 31.3173
51.3775 30.7392
49.7492 33.4298
62.5 6.89942
52.4277 29.2428
51.3987 30.7122
51.8867 29.983
51.5922 30.4118
47.8963 27.8821
48.08 28.0203
209.5 6.49086
237.948 40.2888
210.5 6.49086
13.7646 84.9245
12.7154 96.9978
12.6548 97.0178
227.423 17.3704
56.5 6.5
61.5 6.66781
234.339 30.2909
238.625 39.7943
239.068 39.5926
210.536 6.49987
13.5386 84.8518
211.5 6.49987
13.5236 84.8435
12.3454 96.9866
12.476 97.0183
227.4 16.5006
55.5 6.5
60.5 6.52771
234.4 30.1852
212.5 6.5
211.501 6.5
239.696 39.1979
11.7492 96.9642
11.8309 96.9921
12.8227 84.7292
12.639 84.6402
227.533 14.6336
240.075 39.0813
59.5 6.49009
54.5 6.5
10.7285 96.9719
213.5 6.5
212.5 6.5
240.633 38.7856
234.903 29.3332
10.7062 96.9933
227.596 14.4315
58.5 6.49009
240.686 38.7717
53.5 6.5
11.9109 84.6304
11.7415 84.7002
10.0143 96.9884
214.5 6.5
213.5 6.5
241.515 38.2728
234.984 29.1749
11.7228 84.6981
241.287 38.4689
11.3498 84.7606
57.5 6.49947
52.5 6.5
227.447 15.1222
215.5 6.5
214.5 6.5
234.66 28.1114
242.043 37.9461
56.5 6.5
242.207 37.7499
51.5 6.5
215.5 6.5
227.4 15.7094
216.5 6.5
232.767 26.2363
55.5 6.5
242.842 37.3744
50.5 6.5
217.5 6.5
216.5 6.5
227.651 18.9353
242.892 37.3198
232.043 25.6381
243.252 37.1874
54.5 6.5
49.5 6.5
218.5 6.5
217.5 6.5
228.063 19.8331
243.263 37.1799
229.648 24.0677
230.257 24.4408
231.22 25.0712
228.763 21.5085
53.5 6.5
243.387 37.0065
228.479 20.7248
230.809 24.8378
227.994 19.647
233.897 27.2634
48.5 6.5
219.5 6.5
218.5 6.5
227.788 13.9381
227.538 18.1089
235.282 26.188
52.5 6.5
237.892 29.4319
234.551 27.9568
219.5 6.5
47.5 6.5
235.123 28.8657
227.427 16.6662
228.018 13.3179
220.5 6.5
51.5 6.5
235.238 28.8541
236.309 28.7143
221.5 6.5
220.5 6.5
46.5 6.5
228.206 12.9738
227.448 15.4191
50.5 6.5
235.762 28.7696
236.886 27.3915
236.595 27.7721
221.5 6.5
222.5 6.5
45.5 6.5
238.218 28.6123
235.996 28.7184
49.5 6.5
227.777 13.9879
228.522 12.4893
238.24 28.6095
236.242 28.7115
222.5 6.5
223.5 6.5
238.918 28.476
44.5 6.5
236.838 28.6971
239.18 28.3986
236.81 28.7016
48.5 6.5
236.884 28.6928
228.428 12.6647
228.965 11.8882
237.098 28.6503
237.949 28.1759
223.5 6.5
224.5 6.5
43.5 6.5
47.5 6.5
235.072 16.3515
229.023 11.8293
229.327 11.4273
224.5 6.5
225.477 6.5
235.052 16.1824
42.5 6.5
229.919 10.698
46.5 6.5
229.458 11.303
225.5 6.49423
226.5 6.49423
226.561 6.50955
235.305 16.5758
235.466 16.6291
41.5 6.5
235.675 16.8618
230.169 10.4428
45.5 6.5
236.519 16.9802
227.5 6.50128
40.5 6.5
236.575 17.035
238.372 16.8131
44.5 6.5
237.501 17.0245
230.701 9.6946
227.869 6.59005
39.5 6.5
43.5 6.5
231.168 8.77549
237.6 16.9464
228.5 6.59049
38.5 6.5
238.559 16.6258
229.5 6.83017
42.5 6.5
229.597 6.87653
239.136 16.3129
37.5 6.5
41.5 6.5
239.34 16.0108
230.5 7.19983
239.26 16.1656
231.5 7.78139
40.5 6.5
36.5 6.5
239.883 15.1046
239.466 15.901
232.5 7.62724
231.529 7.80448
240.202 14.2924
240.223 13.6608
39.5 6.5
35.5 6.5
240.073 13.0578
232.567 7.62576
239.863 15.1968
233.5 7.4778
239.736 12.0556
234.03 7.48255
239.067 10.8543
234.5 7.40168
38.5 6.5
240.058 14.8299
34.5 6.5
253.464 28.6003
235.659 7.42908
235.5 7.40168
253.588 28.5203
254.331 27.6963
37.5 6.5
254.714 28.2557
240.208 14.3613
33.5 6.5
238.589 10.3581
254.132 29.5124
254.1 27.037
36.5 6.5
240.237 13.5617
32.5 6.5
253.539 25.8812
252.873 23.7362
238.01 9.61176
240.071 12.8011
252.962 23.7972
254.605 28.1705
239.924 12.3857
253.144 23.8737
35.5 6.5
239.718 11.9172
239.374 11.2323
239.175 11.0509
31.5 6.5
249.534 18.8207
238.362 9.94788
237.11 8.17663
249.116 19.0254
253.16 23.8773
254.736 28.2689
34.5 6.5
30.5 6.5
249.585 18.7782
249.724 18.3792
236.845 7.4816
236.5 7.42451
253.158 23.9818
255.165 28.3669
33.5 6.5
29.5 6.5
248.792 17.6825
237.835 7.04429
237.5 7.144
248.969 17.7566
253.212 24.516
255.671 29.2912
32.5 6.5
249.829 18.4283
28.5 6.5
239.5 6.5029
238.5 6.72891
249.95 18.3978
254.174 22.3468
254.886 28.3206
31.5 6.5
27.5 6.5
251.771 15.858
250.613 18.0461
240.5 6.48245
240.343 6.52156
255.182 28.3669
30.5 6.5
255.495 28.2986
255.685 28.229
252.059 16.9867
253.734 23.1141
26.5 6.5
256.241 28.5436
241.56 6.5
241.5 6.4848
29.5 6.5
252.135 17.4948
256.296 27.8168
251.104 12.6494
256.393 27.7766
25.5 6.5
242.5 6.5
242.5 6.5
254.567 21.8658
28.5 6.5
257.502 27.0327
24.5 6.5
243.5 6.5
243.5 6.5
251.175 11.9684
255.048 21.0959
257.74 26.7935
27.5 6.5
258.378 26.5156
244.5 6.5
23.5 6.5
255.093 19.7919
251.304 11.5911
244.5 6.5
258.675 26.2678
26.5 6.5
259.122 26.1177
259.483 25.8024
251.135 13.3107
245.5 6.5
22.5 6.5
254.452 19.189
245.5 6.5
25.5 6.5
259.786 25.6596
251.328 14.3004
253.471 18.441
259.934 25.4801
246.5 6.5
246.5 6.5
21.5 6.5
260.32 25.3165
253.461 18.4306
252.712 17.8397
24.5 6.5
251.756 15.6371
255.469 20.248
251.487 14.6219
251.462 11.178
251.166 13.4006
255.482 20.2476
260.468 25.137
247.5 6.4998
247.499 6.5
260.829 25.0897
20.5 6.5
255.506 20.2489
23.5 6.5
251.142 12.5016
255.647 20.2692
257.312 20.7123
251.805 10.6557
248.472 6.4998
251.309 11.5829
248.5 6.49278
19.5 6.5
255.849 20.2777
252.22 10.0895
22.5 6.5
251.878 10.5926
249.5 6.49278
256.232 20.2552
256.288 20.2462
250.5 6.51018
249.611 6.52064
256.404 20.2407
18.5 6.5
256.751 20.142
256.856 20.0902
257.308 19.7548
21.5 6.5
250.939 6.61375
252.449 9.85033
256.602 13.1141
17.5 6.5
255.965 13.0458
20.5 6.5
257.471 13.1033
252.899 8.94148
251.5 6.62022
16.5 6.5
256.615 13.1374
253.389 7.31772
19.5 6.5
257.993 12.7219
252.5 6.86803
15.4216 6.57842
18.5 6.5
257.703 12.7919
252.534 6.88467
253.403 7.21778
14.5644 7.43557
17.5 6.5
258.525 11.6078
253.5 7.17959
258.342 12.3854
254.5 6.987
258.365 10.2965
255.169 6.99235
14.5644 7.43557
16.5 6.5
258.528 11.9844
255.5 6.92191
257.747 9.21575
15.467 6.5
258.641 11.4223
15.467 6.5
15.4216 6.42158
258.639 10.7245
258.416 10.3383
257.044 7.06978
258.144 9.64743
14.5644 5.56443
14.5644 5.56443
257.177 7.36019
256.5 6.91558
257.033 7.0222
257.5 6.79529
258.5 6.55314
259.245 6.55394
259.5 6.49222
260.486 6.50048
260.5 6.49708
261.5 6.49708
261.511 6.49993
262.5 6.49993
262.5 6.5
263.5 6.5
263.5 6.5
264.5 6.5
264.5 6.5
265.5 6.5
265.5 6.5
266.5 6.5
266.5 6.5
267.5 6.5
267.5 6.5
268.533 6.5
269.436 7.43557
268.578 6.57842
269.436 7.43557
268.578 6.42158
268.533 6.5
269.436 5.56443
269.436 5.56443
2807
0 52 0.10382
1 52 1.25313
1 6 1.23963
2 5 0.0911961
3 20 0.941191
3 4 0.935752
4 7 0.899103
5 6 0.12259
6 64 1.26969
7 18 0.817831
8 18 0.823452
8 17 0.82224
9 48 1.24428
9 64 1.283
10 17 0.852723
10 16 0.901851
11 33 1.28598
11 62 1.24902
12 16 0.752318
12 14 0.582025
13 68 1.17652
13 25 1.21882
15 26 0.668666
15 23 0.645233
19 21 0.152338
20 23 0.733766
21 22 0.171503
22 25 0.166297
24 51 0.115395
25 48 1.14992
26 27 0.553125
27 29 0.429994
28 41 0.165113
28 33 0.184698
29 49 0.692132
29 47 0.313375
30 46 0.139094
30 31 0.155987
32 45 0.542935
32 40 0.607554
33 46 1.2031
34 41 0.162661
34 37 0.171927
35 42 1.00609
35 39 1.06813
36 44 0.85273
36 42 1.11602
38 39 0.805122
40 44 0.725584
43 51 1.40682
43 50 1.44661
45 47 0.386244
46 68 1.15863
49 59 0.705127
50 56 1.53328
51 53 1.38353
52 60 1.22429
53 55 1.31375
54 60 1.2416
54 56 1.32461
55 57 1.18631
57 58 1.08621
58 59 0.988194
59 61 1.56389
61 63 1.50027
62 88 1.25023
63 107 1.53369
63 65 0.319995
65 102 0.375819
66 70 0.826807
66 94 0.683082
67 71 0.224519
67 72 0.263559
69 247 1.27986
69 255 1.39858
70 77 1.06856
71 74 0.171405
73 76 0.119487
74 82 0.130792
74 88 0.217976
75 82 0.117078
76 205 0.144823
77 83 1.05198
78 81 0.297886
78 123 0.304937
79 165 0.287448
79 81 0.283739
80 123 0.222518
80 119 0.224124
83 85 1.2325
84 99 0.175645
85 91 1.08852
86 111 0.176667
86 116 0.157352
87 118 0.175984
88 109 1.42518
89 115 0.237806
89 110 0.273286
90 119 0.239104
90 115 0.217318
91 92 1.03904
92 95 1.09356
93 106 0.197399
93 111 0.17978
94 102 0.522749
95 96 0.848386
97 100 0.216132
97 106 0.25366
98 110 0.261024
98 104 0.226135
99 105 0.233136
101 103 0.106147
103 108 0.114385
105 118 0.415086
105 113 0.224924
107 114 1.49443
108 109 0.127206
109 112 1.48292
112 126 1.46695
114 163 1.4067
114 121 0.348933
116 122 0.0864829
116 129 0.187565
117 120 0.126635
117 126 0.120511
118 125 0.513074
120 124 0.12125
121 127 0.41246
122 128 0.132152
123 132 0.136975
125 135 0.45582
126 130 1.55416
127 153 0.427892
129 137 0.191368
130 131 1.55991
131 136 1.55979
132 145 0.171465
133 153 0.530455
133 139 0.752811
134 140 0.236087
135 144 0.398607
136 138 1.57028
137 219 0.403854
137 161 0.582822
138 141 1.56901
139 146 0.894686
140 145 0.209459
141 143 1.56473
142 159 0.231905
142 150 0.277019
143 147 1.56948
144 271 1.21425
144 268 1.56348
146 149 0.905273
147 152 1.56094
148 158 0.212715
149 151 0.918703
151 155 0.855518
152 156 1.55418
154 161 0.112312
154 159 0.193244
155 157 0.672761
156 160 1.48956
158 168 0.213223
160 162 1.43988
161 229 0.649318
162 164 1.40226
163 192 1.41586
163 182 0.295895
164 167 1.35171
165 219 0.396641
165 209 0.126386
166 184 0.206
166 173 0.207001
167 170 1.33149
168 276 1.06587
168 271 1.22074
169 182 0.384857
169 174 0.561577
170 175 1.32283
171 201 0.134679
171 209 0.135091
172 181 0.739211
174 178 0.937717
175 176 1.30024
176 185 1.28049
177 215 0.14824
177 206 0.143743
178 183 0.96161
179 193 1.05016
179 276 1.03596
180 181 1.09206
180 189 1.14512
183 187 0.76896
184 191 0.164404
185 186 1.26647
186 190 1.26915
187 194 0.838786
188 200 0.120065
189 203 1.04733
190 196 1.24051
191 201 0.140409
192 232 1.32275
192 231 0.330217
193 282 1.08455
194 195 0.861945
196 199 1.21631
197 203 0.977689
197 212 0.846671
198 218 0.795861
198 212 0.847424
199 207 1.10886
200 206 0.135898
202 225 0.334776
202 204 0.28402
204 210 0.240206
205 264 1.46224
205 268 1.54183
207 211 0.109692
207 243 1.0583
208 218 0.783267
208 214 0.751758
210 221 0.242616
211 227 0.140292
213 227 0.205291
214 226 0.748633
215 224 0.146663
216 221 0.223447
216 220 0.180103
217 288 1.11611
217 295 1.12342
222 226 0.799385
222 230 0.723429
223 561 0.145772
223 333 1.06845
223 554 1.14141
224 235 0.140808
225 231 0.332197
228 262 0.247542
228 237 0.260979
229 261 0.653169
230 236 0.634129
232 249 1.15359
232 244 0.295637
233 570 1.3698
233 575 1.37661
234 260 0.964503
234 285 0.814943
235 239 0.141069
236 297 0.633846
238 244 0.166852
238 241 0.215742
239 256 0.14237
240 624 1.06091
240 630 1.04068
241 242 0.210059
243 278 1.07428
243 259 0.0627168
244 246 0.172856
245 284 1.10663
245 257 1.25462
246 248 0.176483
247 249 1.19335
248 253 0.181956
249 251 0.11609
250 251 0.13119
252 293 0.672871
252 290 0.776852
254 496 0.961601
254 618 0.982109
254 610 1.37747
255 258 1.49007
256 261 0.140673
257 283 1.34285
258 264 1.4999
259 269 0.0538669
260 284 1.10612
261 267 0.785327
262 275 0.304781
263 281 1.39459
263 283 1.32067
265 266 0.990844
265 273 1.32147
266 272 0.878338
267 279 0.7947
270 294 0.104506
270 286 0.116199
273 274 1.43308
274 280 1.36419
275 301 1.34676
275 305 1.15248
277 364 0.95565
277 304 0.943939
278 313 1.14403
278 303 0.100297
279 304 0.868124
279 294 0.0908905
280 281 1.46864
282 288 1.12423
285 290 0.808667
286 291 0.12778
287 305 1.16853
287 316 1.16989
288 292 0.127624
289 303 0.101963
289 296 0.084595
291 298 0.128921
293 297 0.561334
295 301 1.22956
297 300 0.993135
299 320 1.25554
299 329 1.22434
300 338 0.957305
302 364 0.980276
302 310 0.962411
304 324 0.0898533
306 307 0.296413
307 312 0.327402
308 321 0.474925
308 338 0.410626
309 321 0.663605
309 328 0.80974
310 384 0.925397
311 344 1.33798
311 350 1.30099
312 367 0.393872
313 325 1.13819
314 317 0.740317
314 335 0.766902
315 380 0.0307066
316 320 1.20294
317 318 0.696078
318 326 0.69512
319 377 0.090149
319 380 0.0970947
322 350 1.32754
322 358 1.33445
323 326 0.697896
323 327 0.463183
323 331 0.375733
324 355 0.0987738
325 564 1.14157
328 348 0.970977
329 336 1.23832
330 365 1.43452
330 372 1.4458
332 345 0.268204
332 355 0.144367
333 343 1.06703
334 345 0.246704
335 341 0.807455
336 344 1.3098
337 412 0.300667
337 354 0.253265
338 363 1.19538
339 396 1.11481
339 397 1.11907
340 379 1.54923
340 357 1.53341
341 353 0.822727
342 377 0.0375749
343 574 0.108833
343 571 1.1194
346 354 0.247351
347 385 1.41652
347 357 1.50484
348 396 1.18103
349 366 0.0729149
349 359 0.0718284
351 548 0.942707
351 566 0.944432
352 513 0.613118
352 512 0.94182
352 392 0.584925
353 362 0.816819
356 394 1.32607
356 399 1.15515
358 365 1.37508
360 566 0.783497
360 562 0.77657
361 367 1.1613
361 370 1.19678
362 367 0.86517
363 371 1.06397
364 373 0.0473875
366 377 0.0692127
368 385 1.42265
368 391 1.45806
369 427 0.167531
369 419 0.169632
370 374 1.19048
371 402 1.05736
372 379 1.49172
374 375 1.18183
375 381 1.21335
376 391 1.55969
376 401 1.56093
378 419 0.167688
378 407 0.171493
380 384 0.117552
381 382 1.21586
382 388 1.24015
383 401 0.282031
384 398 1.0122
386 407 0.19224
386 400 0.138433
387 405 0.969232
388 403 1.30865
389 421 1.05164
389 398 1.04748
390 440 0.156957
392 418 0.808105
393 508 0.956663
393 512 0.951752
394 404 1.4139
395 414 1.44032
395 410 1.53275
397 399 1.20477
398 438 1.09458
401 409 1.37218
402 504 0.796778
402 436 1.55076
403 412 1.27951
404 410 1.45864
405 413 1.13837
406 417 1.49099
406 412 1.46892
408 421 0.0300788
409 420 1.31191
411 439 0.225892
411 449 0.106319
413 414 1.51889
415 439 0.198361
415 424 0.197433
416 420 1.24976
416 425 1.12665
417 422 1.50005
418 453 0.907218
421 430 1.05847
422 423 1.52152
423 429 1.5194
425 433 1.07943
426 432 0.393563
427 562 0.785347
427 557 0.649222
428 517 0.749279
428 513 0.685082
429 431 1.50418
430 446 1.07374
431 435 1.45646
432 433 0.438776
433 437 0.847562
434 460 0.13423
434 454 0.14866
435 440 1.41976
436 481 1.39878
437 441 0.808063
438 449 1.10079
440 442 1.50802
441 443 0.819873
442 457 1.51048
443 447 0.836527
444 454 0.140615
445 483 1.17692
445 453 1.14355
446 490 1.0889
447 448 0.720973
448 452 0.558004
449 500 1.0481
450 457 0.114632
451 479 1.35368
451 475 1.38456
455 491 0.14874
456 490 0.0889339
456 477 0.0996155
457 461 1.56122
458 464 0.121227
458 477 0.114018
459 485 1.1452
459 484 1.05458
460 557 0.627055
460 544 0.532115
461 462 1.53677
462 467 1.49222
463 501 0.233158
463 471 0.203381
464 470 0.141271
465 474 1.38389
465 487 1.15422
466 488 0.232526
466 478 0.285301
467 468 1.52824
468 473 1.46538
469 484 1.21785
469 487 1.22319
471 492 0.216353
472 478 0.242962
473 475 1.38869
474 494 1.488
476 492 0.193117
479 480 1.28746
480 489 1.26771
481 486 1.2758
482 494 1.44681
482 495 1.37213
483 485 1.15117
486 496 1.13769
488 498 0.182123
489 491 1.32516
490 509 1.06797
491 497 1.38604
493 495 1.02307
497 499 1.37171
498 544 0.436246
498 505 0.30999
499 503 1.37823
500 511 1.06635
501 603 0.133547
502 610 1.39181
502 596 1.43688
503 506 1.36871
504 508 0.910472
505 533 0.317969
506 514 1.31598
507 592 1.51271
507 518 1.54565
509 1078 1.14223
510 517 0.829565
510 523 0.934059
511 603 1.09375
514 532 1.2524
515 533 0.215168
515 524 0.229627
516 611 0.214916
516 529 0.240382
518 588 1.5017
519 520 0.0609403
520 538 0.0526423
521 530 1.20206
521 536 1.12885
522 595 1.14383
522 600 1.1401
523 530 1.13536
524 527 0.276439
525 529 0.228921
526 527 0.282355
528 541 1.16366
528 538 1.16188
531 584 0.0509821
532 540 1.22962
533 542 0.171294
534 651 1.30095
534 661 1.32585
535 542 0.146812
535 539 0.122202
536 537 1.08585
537 545 0.845054
538 1078 1.18338
540 543 1.25075
541 635 1.21058
541 594 0.0747849
543 553 1.22159
544 546 0.127853
546 552 0.123046
547 549 0.159587
548 564 0.924486
549 552 0.135621
550 594 0.126755
551 669 1.44696
551 680 1.4182
553 556 1.17709
554 559 1.24279
554 558 0.108761
555 590 0.181882
556 581 1.1672
558 560 0.176924
559 563 1.28474
561 567 0.21986
563 570 1.33091
563 565 0.0793412
564 569 1.12195
566 568 0.184894
567 576 0.238144
568 572 0.193467
569 571 1.13482
572 577 0.207946
573 574 0.187071
575 579 1.37557
577 578 0.204889
578 580 0.226379
579 582 1.42577
580 586 0.277635
581 585 1.18995
582 588 1.51867
583 680 1.4509
583 621 1.53471
584 590 0.111835
584 644 0.0939546
585 593 1.16924
586 587 0.25384
588 589 0.070508
591 598 1.55157
591 621 1.55836
592 596 1.44985
593 595 1.16043
596 601 0.102897
597 641 1.15136
597 603 1.06873
598 632 1.53956
599 601 0.126654
600 602 1.1244
602 611 1.1513
604 606 0.236193
605 617 0.0483587
605 629 0.0606574
606 637 0.262808
607 619 1.22839
607 613 1.24925
608 633 0.183676
609 646 1.43529
609 643 1.44631
611 616 1.23056
612 626 1.41762
612 633 1.3763
613 623 1.27521
614 620 0.203798
615 626 1.43453
615 620 1.38254
616 625 1.18398
617 1091 1.29568
617 635 1.28674
618 624 1.05303
619 620 1.24894
622 687 0.0440034
623 745 1.29959
625 660 1.16272
627 646 1.4087
627 637 1.36138
628 655 0.191505
628 639 0.234638
630 636 1.05549
631 672 1.4687
631 650 1.51235
632 691 1.53683
633 643 1.45815
634 653 0.156219
636 642 1.14372
637 659 1.5202
638 662 0.276353
638 649 0.212434
639 647 0.204986
640 749 1.31679
640 745 1.31965
641 644 1.20938
642 651 1.28909
644 663 1.16699
645 655 0.168091
645 742 0.190189
648 654 0.112646
648 699 0.0740241
650 659 1.53147
651 657 0.08751
652 752 1.45624
652 757 1.38515
653 660 0.140354
656 667 0.180718
658 670 1.32881
658 684 1.36566
658 675 0.0859009
660 664 1.20296
661 669 1.43959
662 671 0.225958
663 687 1.23478
664 668 1.15728
665 675 0.158423
666 753 1.38455
666 673 1.38866
667 759 0.231756
668 674 1.09613
669 676 0.122894
670 690 1.42555
671 691 1.50859
671 685 1.44712
672 681 1.43136
673 760 1.41545
674 686 1.03236
677 698 0.295874
677 736 0.354909
678 760 1.44794
678 773 1.52089
679 735 0.0370935
681 724 1.45576
682 693 0.179139
683 688 0.26567
684 1091 1.35464
685 720 1.50882
686 692 1.01473
687 699 1.33215
688 698 0.203075
689 710 1.52498
689 798 1.5615
690 1105 1.51448
691 703 0.145067
692 713 0.113317
692 730 1.07705
693 704 0.26968
694 720 1.53682
694 738 1.46352
695 812 0.0801458
695 707 0.135564
696 710 0.219836
697 703 0.143983
698 711 0.16994
699 722 1.33798
700 714 0.282586
701 713 0.120279
702 705 0.694284
704 779 0.299684
705 717 0.742241
706 709 0.657091
708 717 0.633255
708 719 0.54479
709 716 0.8071
710 747 1.54746
711 723 0.150969
712 1121 1.53665
712 1134 1.5381
714 731 0.256749
715 716 0.942669
715 718 0.868303
718 728 0.793108
719 740 0.404051
721 732 0.827714
721 741 1.19337
722 735 1.38292
724 739 1.47923
725 798 1.51078
725 734 1.56993
726 1149 1.57009
726 1159 1.57031
727 741 0.917461
727 761 0.928234
728 729 0.665105
729 733 0.429966
730 742 1.08304
731 754 0.223971
733 740 0.392772
734 773 1.50849
735 765 1.43753
736 750 0.356437
737 1159 1.56792
737 1177 1.5692
738 754 1.42441
739 743 1.4994
740 802 0.708644
742 758 1.23226
743 744 1.46816
744 746 1.46732
746 748 1.50678
747 814 1.545
748 752 1.51413
749 753 1.33314
750 767 0.353263
751 855 0.0489715
754 763 1.54345
755 1195 1.56601
755 1206 1.55925
756 790 0.415562
756 885 0.383063
757 759 1.3878
758 777 1.24046
759 762 1.55332
761 790 0.562976
762 764 1.56983
763 775 1.56371
764 769 1.48683
765 812 1.47593
766 781 0.270946
767 839 0.484238
767 785 0.167568
768 1206 1.5585
768 1219 1.55921
769 779 1.43523
770 802 0.969459
770 784 1.21465
771 852 1.54945
771 776 1.52642
772 852 1.55983
772 859 1.54956
774 862 1.45776
774 778 1.44457
775 830 1.54372
776 783 1.47474
777 796 1.244
778 857 1.40203
779 786 1.55003
780 866 1.48627
780 862 1.51691
781 826 1.55528
781 864 1.38333
782 1219 1.55287
782 1229 1.55247
783 800 1.49676
784 1015 1.38622
785 827 0.196878
786 789 1.55434
787 887 1.44818
787 825 1.44265
788 990 0.139409
789 808 1.57025
791 1338 1.46644
791 1329 1.46081
792 799 1.22973
792 919 1.17677
793 830 0.226681
793 807 0.254403
794 875 1.45182
794 801 1.39916
795 816 0.150333
795 825 0.188391
796 839 0.529859
796 817 1.5179
797 799 0.134744
799 938 1.17953
800 843 1.46959
801 883 1.43885
802 885 1.4464
803 992 0.0607897
803 823 0.0600112
804 919 1.1276
804 805 0.194366
804 1059 1.27291
805 820 0.148887
806 864 1.32382
806 879 1.43306
807 818 0.277798
808 815 1.56945
809 827 0.199686
810 875 1.55348
810 866 1.46521
811 1002 0.363236
811 880 0.500988
812 841 1.46238
813 857 1.54002
813 819 1.46174
814 826 1.51567
815 828 1.55808
817 846 1.52761
819 856 1.50389
821 834 1.50678
821 843 1.51079
822 880 0.694077
822 844 0.78704
824 879 1.55562
824 858 1.54326
825 832 1.30455
826 842 0.283632
828 833 1.56875
829 1338 1.40546
829 1387 1.43586
830 837 1.4166
831 894 1.49707
831 883 1.493
832 1059 1.27699
833 845 1.56955
834 847 1.42212
835 846 0.0691969
836 1608 1.19681
836 1622 1.21883
837 840 1.4508
838 893 1.47994
838 858 1.48189
839 898 0.166538
840 865 1.49185
841 855 1.5418
844 867 0.705057
845 860 1.56955
846 913 1.5157
847 850 1.28796
848 869 0.12752
849 891 0.194233
849 865 0.187724
850 861 1.28858
851 1652 1.19816
851 1679 1.23949
853 898 0.16906
853 878 0.221446
854 894 1.41315
854 902 1.43222
855 908 1.51875
856 859 1.50377
860 868 1.56979
861 871 1.31222
863 882 1.39064
863 876 1.39768
865 901 1.36465
868 884 1.56725
869 887 0.160844
870 913 1.50067
870 907 1.44402
871 876 1.37435
872 1653 1.2843
872 1642 1.208
873 908 0.0582779
873 890 0.0729911
874 891 0.196802
877 893 1.54628
877 911 1.55332
881 902 1.34686
881 914 1.21148
882 892 1.3054
884 889 1.56432
885 988 1.49441
886 1655 0.135387
886 1653 1.3541
886 1062 1.28887
887 1019 1.52436
888 897 0.994258
889 906 1.57023
892 899 1.41612
895 907 0.0840874
896 911 1.5121
896 912 1.51073
897 916 1.26724
899 915 1.39344
900 967 0.534616
900 921 0.826335
901 909 1.36542
903 914 1.25612
903 920 0.910795
904 1019 0.101169
905 948 0.392091
905 925 0.25997
906 910 1.56226
907 926 1.43845
908 927 1.51461
909 922 1.38411
910 936 1.56322
912 935 1.52195
915 929 1.40083
916 917 1.17609
917 933 1.03716
918 1065 0.0586921
921 946 0.85373
922 924 1.44594
923 931 0.124276
924 977 1.51388
926 930 1.39533
927 965 1.47759
928 974 0.132594
928 977 0.200599
929 944 1.40993
930 942 1.30517
931 1066 0.105767
932 935 1.49317
932 952 1.56053
933 940 0.939713
934 946 0.684556
936 937 1.56805
937 981 1.54443
938 961 1.19625
939 940 0.680458
939 956 0.619677
941 1122 0.0717687
942 1021 1.18141
943 1028 0.102266
944 948 1.31655
945 965 0.0634703
945 979 0.0893512
947 950 0.471015
948 963 1.5438
949 974 0.122958
950 954 1.12182
951 952 1.5528
951 973 1.5692
953 1003 0.141416
953 995 0.158722
954 955 1.23235
955 962 1.39962
956 958 0.658337
957 959 0.247974
957 972 0.202883
958 1010 1.03201
958 1039 0.563424
959 987 0.282465
960 969 1.28948
960 964 0.917499
961 1041 1.22715
962 970 1.52888
963 966 1.55313
964 984 0.759347
965 992 1.46519
966 980 1.46213
967 1011 0.324213
968 1020 0.890904
968 976 0.968352
969 970 1.2064
971 973 1.56973
971 985 1.57043
975 1041 1.19959
975 990 1.24621
976 1004 1.06034
977 986 1.44006
978 995 0.217412
980 982 1.43617
981 987 1.52343
982 993 1.5025
983 985 1.55976
983 997 1.53707
984 1010 0.514989
986 991 1.46912
987 1001 1.47647
988 1002 1.5579
989 1004 0.774114
990 1005 1.27683
991 996 1.47248
992 1008 1.4817
993 994 1.56146
994 1006 1.50949
996 999 1.44747
997 1000 1.54395
998 1020 0.795145
998 1039 0.635591
999 1013 1.44407
1000 1012 1.48978
1001 1009 1.52263
1002 1011 1.39982
1003 1021 0.145151
1005 1024 1.37603
1006 1007 1.43765
1007 1027 1.4056
1008 1023 1.42268
1009 1022 1.55993
1010 1058 1.17046
1011 1025 1.40063
1012 1016 1.48688
1013 1017 1.46408
1014 1032 0.26977
1014 1053 0.308031
1015 1024 1.52726
1016 1030 1.53919
1017 1028 1.50229
1018 1032 0.289361
1019 1038 1.56352
1021 1489 1.1377
1022 1029 1.50765
1023 1040 1.36236
1025 1074 0.554992
1025 1138 1.10448
1026 1058 1.11895
1026 1171 1.09319
1027 1049 1.45261
1028 1035 1.48598
1029 1044 1.55915
1029 1043 0.156902
1030 1033 1.52055
1031 1049 1.55447
1031 1069 1.54901
1033 1052 1.42943
1034 1037 0.986383
1035 1045 1.46723
1036 1084 0.639414
1036 1073 0.977597
1037 1048 1.25419
1038 1081 1.56242
1040 1061 0.987138
1040 1089 0.919069
1042 1156 1.24345
1042 1178 1.30678
1044 1070 1.57041
1045 1050 0.108443
1045 1068 1.38784
1046 1047 1.16226
1046 1073 1.02512
1047 1048 1.33325
1051 1104 0.202505
1051 1079 0.283863
1052 1054 1.35077
1053 1074 0.333741
1054 1076 1.29426
1055 1070 1.56919
1055 1085 1.54882
1056 1093 1.55097
1056 1142 1.49707
1057 1081 1.54472
1057 1103 1.54184
1060 1080 0.226402
1061 1063 1.00888
1062 1646 1.36082
1063 1071 1.01326
1064 1065 1.51723
1064 1646 1.50415
1065 1685 1.41883
1066 1067 1.40165
1066 1685 1.38429
1067 1122 1.3045
1068 1086 1.32474
1069 1093 1.39095
1071 1075 1.02601
1072 1180 0.146499
1074 1088 0.259806
1075 1110 1.04284
1076 1077 1.38887
1077 1096 1.39951
1080 1099 0.349072
1082 1239 0.0478972
1083 1103 1.5526
1083 1126 1.52426
1084 1087 0.508921
1085 1094 1.55857
1086 1090 1.32074
1087 1095 0.68111
1087 1170 0.969395
1088 1128 0.206836
1089 1158 1.09168
1090 1101 1.37358
1092 1165 1.56727
1092 1114 1.56638
1093 1115 0.287782
1094 1133 1.56602
1094 1111 0.124704
1095 1150 0.601021
1096 1097 1.39117
1097 1116 1.39854
1098 1144 1.33743
1098 1162 1.31597
1099 1127 0.473054
1100 1102 0.948882
1100 1129 0.928167
1101 1106 1.41295
1102 1112 1.14868
1104 1117 0.186889
1105 1121 1.52211
1106 1123 1.40844
1107 1128 0.159722
1108 1235 1.23947
1108 1213 1.20729
1109 1133 1.51616
1109 1147 1.5091
1110 1120 1.06269
1112 1119 0.855728
1113 1116 0.348958
1114 1183 1.57043
1116 1132 1.2407
1117 1140 0.193347
1118 1232 1.05899
1118 1251 1.03261
1120 1131 1.06553
1122 1718 1.24451
1123 1125 1.4225
1124 1259 1.44013
1124 1492 1.46406
1125 1135 1.42496
1126 1144 1.42671
1127 1146 0.491415
1129 1150 0.663522
1130 1147 0.146239
1131 1139 1.08062
1132 1137 1.24445
1134 1149 1.54999
1135 1136 1.39794
1136 1148 1.38642
1137 1151 1.15004
1138 1145 1.17877
1139 1143 1.10662
1140 1460 0.177389
1141 1183 1.56496
1141 1212 1.56621
1142 1165 1.55419
1143 1193 1.12249
1145 1156 1.22082
1146 1161 0.472778
1147 1154 1.54829
1148 1153 1.41567
1151 1152 1.26028
1152 1168 1.15599
1153 1157 1.45937
1154 1211 1.51275
1154 1192 0.203511
1155 1484 0.143558
1155 1189 0.137412
1157 1163 1.48401
1158 1175 1.20698
1160 1444 0.493258
1160 1460 0.479534
1161 1194 1.50295
1161 1198 1.26501
1162 1179 1.29924
1163 1173 1.49218
1164 1252 1.45755
1164 1275 1.36384
1166 1211 1.54583
1166 1224 1.55063
1167 1189 0.0849454
1168 1169 1.18723
1169 1186 1.11802
1170 1171 0.789402
1171 1182 1.50187
1172 1192 0.153102
1173 1180 1.49308
1174 1384 0.363851
1174 1444 0.354984
1175 1761 1.22725
1176 1198 0.174249
1177 1195 1.56693
1178 1194 1.4368
1179 1199 1.24094
1180 1200 1.4059
1181 1275 1.53734
1181 1294 1.49519
1182 1188 1.45664
1184 1241 1.56981
1184 1293 1.54613
1185 1196 0.203237
1186 1187 0.782363
1188 1190 1.30345
1189 1204 0.0822757
1190 1197 1.13221
1191 1315 1.54894
1191 1325 1.54549
1193 1213 1.15692
1196 1200 0.209511
1197 1209 0.934987
1198 1208 1.16699
1199 1216 1.21944
1200 1205 1.33757
1201 1221 0.127855
1202 1293 1.55099
1202 1215 1.52581
1203 1325 1.56747
1203 1217 1.5455
1205 1210 1.38552
1207 1444 0.17805
1207 1248 0.179876
1208 1220 1.13423
1209 1493 0.949402
1209 1225 1.41256
1210 1214 1.48061
1212 1233 1.55416
1214 1243 1.5698
1215 1305 1.50104
1216 1232 1.15977
1217 1340 1.53302
1218 1783 1.55166
1218 1761 1.30363
1220 1226 1.07106
1221 1222 0.137703
1222 1231 0.171128
1223 1230 0.146853
1224 1241 1.51626
1225 1259 1.41481
1226 1236 1.07469
1227 1340 1.56471
1227 1348 1.55335
1228 1258 1.36814
1228 1269 1.38717
1229 1244 1.5474
1230 1243 0.190356
1231 1248 0.186431
1233 1252 1.48798
1234 1305 1.49674
1234 1323 1.48345
1235 1239 1.26573
1236 1240 1.13913
1237 1364 1.46182
1237 1372 1.50866
1238 1268 1.37744
1238 1292 1.50063
1239 1263 1.24625
1240 1250 1.11445
1241 1256 0.189198
1242 1510 1.23311
1242 1502 1.21685
1243 1246 1.45094
1244 1329 1.44212
1244 1297 0.125187
1245 1372 1.5518
1245 1381 1.4722
1246 1254 1.46741
1247 1337 1.53145
1247 1349 1.55647
1249 1746 0.138304
1249 1278 0.137675
1250 1261 1.15512
1251 1304 1.11269
1251 1291 0.128564
1252 1265 0.288079
1253 1381 1.43074
1253 1389 1.46934
1254 1258 1.45139
1255 1258 0.126051
1256 1276 0.127581
1257 1297 0.0841232
1257 1282 0.112098
1260 1418 1.49582
1260 1429 1.53268
1261 1270 1.17527
1262 1278 0.148283
1263 1296 1.24426
1264 1461 1.41598
1264 1271 1.41758
1266 1284 0.229217
1266 1425 0.253685
1267 1365 1.54277
1267 1378 1.54951
1268 1286 1.35947
1269 1274 1.4027
1270 1289 1.17857
1271 1447 1.479
1272 1291 0.099991
1273 1282 0.125295
1274 1281 1.39847
1277 1435 1.40414
1277 1447 1.39685
1279 1281 1.41262
1279 1286 1.40418
1280 1529 1.4732
1280 1549 1.42327
1283 1378 1.53895
1283 1393 1.55011
1284 1370 0.141649
1284 1343 0.282829
1285 1461 1.47598
1285 1467 1.55302
1287 1467 1.48795
1287 1473 1.4254
1288 2075 1.16927
1288 1783 1.065
1289 1290 1.18317
1290 1303 1.29058
1292 1298 1.57066
1294 1310 1.50283
1295 1430 1.52594
1295 1630 1.51171
1296 1413 1.31644
1297 1308 0.0839677
1298 1311 1.44668
1299 1307 0.186175
1300 1309 0.616803
1300 1347 0.570336
1301 1331 0.131369
1301 1384 0.121168
1302 1421 1.54252
1302 1441 1.52936
1303 1306 1.23265
1304 1350 1.1602
1304 1336 0.120616
1306 1316 1.24464
1307 1324 1.4918
1307 1459 1.52411
1308 1317 0.121021
1309 1312 0.800194
1310 1315 1.56268
1311 1318 1.31661
1312 1322 0.794126
1312 1320 0.188766
1313 1331 0.136918
1314 1441 1.52474
1314 1463 1.50714
1316 1321 1.36445
1318 1327 1.33772
1319 1336 0.102035
1320 1344 0.19856
1321 1332 1.37521
1322 1333 0.770086
1323 1337 1.51732
1324 1591 1.50876
1326 1480 1.52785
1326 1478 1.519
1327 1548 1.24318
1328 1476 1.53997
1328 1518 1.52904
1330 1542 0.930786
1330 1345 0.801931
1332 1346 1.39412
1333 1334 0.877577
1334 1359 0.969566
1335 1346 1.40882
1335 1352 1.46175
1338 1351 0.136782
1339 1542 1.08998
1339 1541 1.25022
1341 1355 0.138683
1342 1374 1.55022
1342 1695 1.54505
1343 1384 0.296397
1345 1544 0.6987
1347 1749 0.574188
1348 1357 1.50997
1349 1365 1.55742
1350 1590 1.07373
1350 1614 0.971796
1351 1379 0.199727
1352 1363 1.4545
1353 1567 1.51331
1353 1570 1.5708
1354 1776 0.74977
1354 1749 0.645087
1355 1582 1.55317
1355 1367 1.54813
1356 1370 0.135204
1357 1364 1.46126
1358 1695 1.50191
1358 1513 1.47531
1359 1468 0.984495
1360 1385 0.821771
1360 1477 0.830057
1361 1379 0.215763
1361 1371 0.285609
1362 1368 1.00414
1362 1581 0.952229
1363 1369 1.49299
1366 1520 1.21308
1366 1512 1.26441
1367 1613 1.54523
1368 1376 1.09838
1369 1377 1.56806
1373 1386 1.03872
1373 1799 1.08452
1374 1630 1.56781
1375 1468 0.262377
1376 1388 1.22794
1377 1383 1.49576
1380 1409 1.33231
1380 1503 1.34795
1382 1714 1.55994
1382 1436 1.52353
1383 1392 1.44808
1385 1468 0.839711
1386 1809 0.97453
1387 1485 1.33619
1387 1414 0.17795
1388 1483 1.29248
1389 1411 1.52869
1390 1440 1.06016
1390 1464 0.975138
1391 1439 1.01072
1391 1427 0.770046
1391 1438 0.52242
1392 1416 1.27373
1393 1421 1.54923
1394 1722 1.36953
1394 1513 1.43611
1395 1436 0.162446
1396 1408 1.5708
1396 1397 1.5708
1397 1398 1.5708
1398 1399 1.5708
1399 1400 1.5708
1400 1527 1.5708
1401 1530 1.5708
1401 1527 1.5708
1402 1532 1.5708
1402 1530 1.5708
1403 1536 1.5708
1403 1532 1.5708
1404 1540 1.5708
1404 1536 1.5708
1405 1525 1.56842
1405 1491 1.56571
1406 1540 1.5708
1406 1543 1.5708
1407 1425 0.240629
1408 1526 1.5708
1409 1512 1.29873
1410 1543 1.5708
1410 1546 1.5708
1411 1418 1.52569
1412 1546 1.5708
1412 1551 1.5708
1413 1431 1.41054
1414 1471 0.272869
1415 1551 1.5708
1415 1555 1.5708
1416 1422 1.2493
1417 1555 1.5708
1417 1559 1.5708
1419 1559 1.5708
1419 1566 1.5708
1420 1756 1.54115
1420 1436 1.56084
1422 1437 1.13553
1423 1566 1.5708
1423 1569 1.5708
1424 1470 0.150341
1424 1449 0.14744
1426 1569 1.5708
1426 1575 1.5708
1427 1428 0.566816
1429 1435 1.49645
1430 1591 1.56585
1431 1484 1.47783
1432 1471 0.26857
1432 1466 0.266268
1433 1575 1.5708
1433 1583 1.5708
1434 1583 1.5708
1434 1589 1.5708
1437 1445 0.981179
1439 1440 1.14111
1442 1589 1.5708
1442 1595 1.5708
1443 1466 0.24254
1443 1452 0.205374
1445 1448 0.867682
1446 1595 1.5708
1446 1604 1.5708
1447 1453 0.307544
1448 1455 0.786774
1450 1689 0.147038
1451 1604 1.5708
1451 1615 1.5708
1453 1456 0.218298
1454 1455 0.561826
1457 1756 1.37436
1457 1472 1.14564
1458 1615 1.5708
1458 1619 1.5708
1459 1564 1.56869
1460 1475 0.617595
1462 1526 1.5708
1462 1509 1.5708
1463 1476 1.48008
1464 1477 0.939135
1465 1619 1.5708
1465 1629 1.5708
1469 1629 1.5708
1469 1639 1.5708
1470 1605 0.369674
1470 1482 0.249144
1472 1811 1.04653
1473 1478 1.45187
1474 1639 1.5708
1474 1656 1.5708
1475 1489 0.628061
1476 1498 0.126183
1478 1479 0.237874
1480 1483 1.46736
1481 1656 1.5708
1481 1674 1.5708
1482 1504 0.22303
1484 1571 1.46265
1485 1500 1.34174
1486 1505 0.161157
1487 1549 1.47041
1487 1564 1.50321
1488 1964 1.56687
1488 1507 1.56687
1489 1846 1.40744
1490 1674 1.5708
1490 1697 1.5708
1491 1528 1.5681
1492 1494 1.43759
1493 1497 1.00695
1494 1499 1.49634
1495 1514 0.179931
1495 1535 0.164115
1496 1697 1.5708
1496 1708 1.5708
1497 1502 1.13454
1499 1501 1.48233
1500 1608 1.18619
1500 1577 0.237634
1501 1503 1.3823
1504 1547 0.224418
1505 2329 0.135765
1506 1772 0.432632
1506 1769 0.658254
1507 1978 1.5708
1508 1708 1.5708
1508 1717 1.5708
1509 1519 1.56817
1510 1515 1.30803
1511 1545 0.238444
1511 1521 0.258536
1514 1571 0.139471
1515 1529 1.4398
1516 1717 1.5708
1516 1721 1.5708
1517 2062 1.49008
1517 2077 1.48524
1518 1552 1.56327
1519 1525 1.56817
1520 1533 1.11572
1522 1751 0.819004
1522 1769 0.761887
1523 1978 1.56969
1523 1992 1.56969
1524 1721 1.5708
1524 1728 1.5708
1528 1531 1.50291
1531 1534 1.52432
1533 1554 1.0731
1534 1537 1.3534
1537 1541 1.31909
1538 1556 0.0811091
1539 1722 1.3028
1539 1741 1.39423
1544 1548 0.676193
1545 1560 0.188034
1547 1578 0.17936
1548 1553 1.40685
1550 1728 1.5708
1550 1735 1.5708
1552 1582 1.53887
1553 1557 1.39855
1554 1568 1.10058
1556 2362 0.106644
1557 1558 1.40988
1558 1562 1.49209
1560 1577 0.159737
1561 1718 1.20595
1561 1734 1.03844
1562 1567 1.51844
1563 1992 1.56255
1563 2002 1.56254
1565 1735 1.5708
1565 1738 1.5708
1568 1590 1.1061
1570 1573 1.5573
1571 1572 1.39762
1572 1600 1.42097
1573 1581 1.53739
1574 2265 0.223007
1576 1614 0.955706
1576 1620 0.940611
1577 1594 0.16439
1579 1738 1.5708
1579 1752 1.5708
1580 1741 1.46218
1580 1673 1.5061
1581 1584 0.706821
1584 1585 0.762436
1585 1592 0.88115
1586 2022 1.51692
1586 2040 1.52091
1587 2298 0.0814451
1588 1723 0.150352
1588 1732 0.210741
1592 1598 1.02856
1593 1752 1.5708
1593 1759 1.5708
1594 1597 0.201442
1596 2074 1.42752
1596 2099 1.41676
1597 1602 0.246045
1598 1599 1.20747
1599 1609 1.25086
1600 1621 1.56741
1601 1773 1.0906
1601 1765 0.992863
1602 1603 0.265065
1605 1701 0.42091
1606 1618 0.0865669
1607 2160 1.3876
1607 2140 1.39081
1609 1616 1.3789
1610 1759 1.5708
1610 1767 1.5708
1611 1612 0.160733
1611 1628 0.215109
1612 2220 0.137981
1613 1635 1.5696
1616 1617 1.43321
1617 1624 1.45066
1618 2116 1.33801
1618 2140 1.35466
1620 1650 0.169084
1620 1672 0.814513
1621 1689 0.104132
1621 1723 1.51984
1622 1652 1.19436
1622 1637 0.218171
1623 1767 1.5708
1623 1777 1.5708
1624 1632 1.53992
1625 1645 0.160826
1625 1626 0.178348
1627 1673 0.19333
1631 1634 0.130976
1631 1650 0.176128
1632 1633 1.52695
1633 1644 1.5708
1635 1682 1.53519
1636 1974 0.205052
1636 2221 0.248901
1637 1641 0.281879
1638 2314 1.45066
1638 1878 1.49197
1640 1777 1.5708
1640 1784 1.5708
1641 1647 0.267813
1642 1648 1.17348
1643 2296 1.38751
1643 2289 1.37427
1644 1654 1.56152
1645 2160 1.33895
1645 2175 1.40869
1647 1657 0.262864
1648 1668 1.19168
1649 1730 0.869686
1649 1753 0.918402
1651 2289 1.3548
1651 1877 1.3667
1652 1677 0.164822
1654 1662 1.56156
1655 1658 0.202242
1657 1661 0.218238
1658 1663 0.195858
1659 1681 0.129808
1659 1668 0.120316
1660 2191 1.37178
1660 2209 1.35916
1661 1670 0.204937
1662 1687 1.5704
1664 1742 1.51794
1664 1669 1.52676
1665 1784 1.5708
1665 1793 1.5708
1666 1667 1.47539
1666 2276 1.48531
1667 1876 1.43054
1668 1684 1.27275
1669 1762 1.55211
1670 1671 0.176225
1672 1675 0.783366
1673 1716 1.42402
1675 1693 0.783479
1676 1678 0.209493
1676 1677 0.169294
1678 1696 0.26886
1679 1684 1.25266
1679 1680 0.0892645
1680 1683 0.123614
1681 1694 0.188118
1682 1714 1.49959
1684 1686 0.0849296
1686 1690 0.103573
1687 1688 1.5704
1688 1703 1.5708
1691 1694 0.188096
1692 1699 0.179585
1693 1698 0.781209
1696 1699 0.203749
1698 1701 0.761764
1700 1793 1.5708
1700 1801 1.5708
1701 1706 0.385005
1702 1707 0.285941
1702 1705 0.214067
1703 1709 1.5708
1704 1707 0.315948
1704 1710 0.317637
1706 1710 0.365352
1709 1713 1.5708
1710 1711 0.101629
1712 1730 0.774169
1713 1719 1.5708
1714 1727 0.241867
1715 1801 1.5708
1715 1810 1.5708
1716 1766 1.40346
1719 1720 1.5708
1720 1725 1.5708
1723 1744 1.53895
1724 1810 1.5708
1724 1819 1.5708
1725 1726 1.5708
1726 1729 1.5708
1727 1740 0.257769
1729 1736 1.5708
1731 1819 1.57026
1731 1827 1.57026
1732 1745 0.183327
1733 1766 1.43362
1733 1754 1.48881
1734 1910 0.909767
1736 1737 1.5708
1737 1743 1.5708
1739 1838 1.57068
1739 1755 1.57042
1742 2229 1.40577
1743 1748 1.5708
1744 1746 1.52458
1746 1782 1.51533
1747 1750 0.194219
1747 1758 0.177468
1748 1757 1.5708
1749 1799 1.07104
1750 1768 0.191193
1751 1765 0.878969
1753 1773 1.14684
1754 1770 1.46671
1755 1847 1.56831
1757 1760 1.5708
1760 1763 1.5708
1762 2248 1.51756
1763 1771 1.5708
1764 1856 1.50504
1764 1865 1.5295
1768 1782 0.169121
1770 1779 1.44352
1771 1775 1.5708
1772 1774 0.331581
1774 1804 0.303087
1775 1780 1.5708
1776 1824 0.74901
1778 1785 0.485478
1778 1798 0.385664
1779 1787 1.44336
1780 1781 1.5708
1781 1786 1.5708
1782 1795 1.51071
1783 1898 0.786824
1785 1915 0.565159
1786 1792 1.5708
1787 1788 1.42748
1788 1808 1.39735
1789 1798 0.0622059
1790 1829 1.56959
1790 1800 1.54384
1791 1830 1.00742
1791 1833 1.29988
1792 1796 1.5708
1794 1807 1.51862
1794 1800 1.48377
1795 1805 1.53326
1796 1803 1.5708
1797 1833 1.4559
1797 1829 1.46436
1798 1804 0.324038
1802 1884 1.25093
1802 1875 1.31517
1803 1806 1.5708
1804 1815 0.554031
1805 1818 1.53079
1806 1813 1.5708
1807 1812 1.33573
1808 1817 1.39494
1809 1855 0.423264
1809 1834 1.2757
1811 1964 1.54699
1811 1947 0.592024
1812 1816 1.43754
1813 1814 1.5708
1814 1821 1.5708
1815 1846 0.552161
1816 1826 1.56144
1817 1820 1.37448
1818 1828 1.5103
1820 1831 1.38946
1821 1825 1.5708
1822 1832 1.56805
1822 1826 1.53757
1823 1842 0.872972
1823 1929 0.811771
1824 1850 0.772908
1825 1835 1.5708
1827 1838 1.5708
1828 1840 1.50636
1831 1841 1.45252
1832 1839 1.42795
1834 1880 1.27281
1835 1837 1.5708
1836 1924 0.74562
1836 1923 0.686229
1837 1843 1.5708
1839 1844 1.47748
1840 1852 1.53474
1841 1854 1.45429
1842 1860 0.862285
1843 1849 1.5708
1844 1845 1.36784
1845 1851 1.336
1846 1893 1.55921
1847 1856 1.5688
1848 1866 1.35268
1848 2248 1.45287
1849 1853 1.5708
1850 2014 0.783718
1851 1857 1.42394
1852 1863 1.56578
1853 1859 1.5708
1854 1858 1.45004
1855 2081 0.587367
1857 1861 1.36421
1858 1870 1.48451
1859 1862 1.5708
1860 1936 0.837863
1861 1867 1.40963
1862 1869 1.5708
1863 1879 1.56494
1864 1934 0.988612
1864 1918 0.993333
1865 1875 1.35596
1866 2256 1.31012
1867 1868 1.44701
1868 1883 1.56078
1869 1871 1.5708
1870 1872 1.45426
1871 1881 1.5708
1872 1886 1.46032
1873 2014 0.793172
1873 2019 0.821193
1874 1973 0.383626
1874 2017 0.302559
1876 2283 1.42342
1877 2283 1.40605
1878 2307 1.49256
1879 1885 1.5708
1880 2075 1.26241
1881 1882 1.5708
1882 1890 1.5708
1883 1889 1.37487
1884 1894 1.09609
1885 1892 1.56944
1886 1888 1.45921
1887 1906 0.835287
1888 1899 1.40116
1889 1901 1.39036
1890 1891 1.5708
1891 1897 1.5708
1892 1896 1.56944
1893 2017 0.312102
1893 1910 1.50616
1894 1902 0.936296
1895 2019 0.827992
1895 1917 0.904739
1896 1908 1.57026
1897 1900 1.5708
1898 1930 0.787114
1899 1903 1.38893
1900 1907 1.5708
1901 1905 1.36352
1902 1909 0.806765
1903 1912 1.37004
1904 1949 0.793076
1904 1932 0.818
1905 1922 1.36902
1906 1916 1.05663
1907 1911 1.5708
1908 1921 1.57026
1909 1935 0.702899
1910 1988 0.743713
1911 1919 1.5708
1912 1913 1.46474
1913 1944 1.52274
1914 1971 0.527738
1914 1926 0.638791
1915 1925 0.731656
1916 1918 0.94808
1917 2027 0.922122
1919 1937 1.5708
1920 1933 1.09557
1920 1934 0.980657
1921 1943 1.5708
1922 1931 1.45304
1923 1927 0.690962
1924 1928 0.859818
1925 1927 0.737759
1926 1960 0.709882
1928 1933 1.05818
1929 1960 0.758218
1930 1969 0.838415
1931 1948 1.48243
1932 1953 0.880598
1935 1947 0.619438
1936 1949 0.802009
1937 1939 1.5708
1938 1941 0.406653
1938 1950 0.379846
1939 1945 1.5708
1940 1942 0.626322
1942 1957 0.660086
1943 1962 1.56004
1944 1946 1.51071
1945 1954 1.5708
1946 1966 1.51464
1948 1952 1.48023
1950 1976 0.347255
1951 2027 0.913695
1951 2042 1.03307
1952 1975 1.50073
1953 1959 0.931001
1954 1967 1.5708
1955 2057 1.16375
1955 2042 1.11488
1956 1976 0.437935
1956 1957 0.507256
1958 2003 0.403155
1958 1984 0.580846
1959 1961 1.01542
1961 1963 1.06837
1962 1974 0.191668
1962 1987 1.41709
1963 1965 0.994301
1965 1972 0.947642
1966 1968 1.30904
1967 1970 1.5708
1968 1985 1.13885
1969 2015 0.909296
1970 1982 1.5708
1971 2016 0.426567
1972 1980 0.877365
1973 2030 0.660889
1975 1994 1.48322
1976 2107 0.705215
1977 2007 1.37589
1977 2038 1.53743
1979 1986 0.831177
1979 1990 0.771147
1980 1986 0.835894
1981 1982 1.56755
1981 1983 1.56754
1983 1996 1.5708
1985 2085 1.05676
1987 2034 1.42792
1988 2016 0.751109
1988 2000 0.0687394
1989 2033 0.561533
1989 2132 0.626012
1990 1991 0.538744
1993 2030 0.768321
1993 2053 0.85112
1994 2007 1.38484
1995 2020 1.18075
1995 2005 1.34894
1996 2010 1.56944
1997 2111 0.223667
1998 2008 0.221335
1999 2063 1.53788
1999 2088 1.52146
2001 2064 1.24526
2001 2048 1.32277
2002 2022 1.5708
2003 2185 0.382705
2004 2053 0.959837
2004 2072 1.07967
2005 2212 1.30775
2006 2009 1.20337
2006 2197 1.21013
2008 2221 0.264935
2009 2217 1.13274
2010 2035 1.56796
2011 2082 0.795256
2011 2081 0.685603
2012 2243 1.27701
2012 2106 1.30452
2013 2243 1.21599
2013 2021 1.11128
2015 2026 0.895408
2016 2023 0.409677
2018 2057 1.34761
2018 2078 1.27121
2020 2107 0.964738
2021 2177 1.06487
2023 2025 0.414299
2024 2072 1.08727
2024 2055 1.12634
2025 2029 0.465961
2026 2041 0.897691
2028 2088 1.57039
2028 2123 1.56985
2029 2036 0.604608
2031 2048 1.34888
2031 2047 1.51513
2032 2066 0.542901
2032 2043 0.508139
2033 2045 0.980119
2033 2125 0.533934
2034 2046 1.46287
2035 2047 1.50048
2036 2049 0.659821
2037 2054 0.235029
2038 2063 1.54814
2039 2096 1.43813
2039 2119 1.46252
2040 2056 1.51236
2041 2045 0.950506
2044 2060 0.539168
2046 2062 1.4876
2049 2052 0.694368
2050 2151 1.49622
2050 2176 1.56531
2051 2202 1.48545
2051 2194 1.53109
2052 2071 0.775114
2054 2106 0.317045
2055 2102 1.14711
2056 2074 1.45075
2058 2119 1.40025
2058 2095 1.35914
2059 2090 0.942373
2059 2069 1.2039
2060 2069 0.796066
2061 2125 0.544772
2061 2070 0.616543
2064 2065 1.07925
2065 2083 0.921759
2066 2161 0.371821
2067 2202 1.53955
2067 2214 1.49508
2068 2117 0.969332
2068 2111 0.985431
2070 2079 0.769293
2071 2076 0.793281
2073 2106 1.54288
2073 2155 1.50042
2076 2101 0.825337
2077 2130 0.174371
2077 2097 1.40522
2078 2096 1.31539
2079 2093 0.909718
2080 2214 1.52486
2080 2222 1.54269
2082 2103 0.840528
2083 2085 0.850522
2084 2102 1.08588
2084 2137 1.13614
2085 2086 1.37865
2086 2108 1.42815
2087 2224 1.56857
2087 2232 1.55378
2089 2228 1.48177
2089 2184 1.57063
2090 2092 0.85712
2091 2094 0.846966
2092 2122 0.659681
2093 2111 1.05489
2094 2105 0.989959
2095 2134 1.23181
2097 2146 1.41142
2098 2259 1.12083
2098 2112 0.941853
2098 2105 0.48826
2099 2116 1.37995
2100 2238 1.50244
2100 2232 1.50269
2101 2110 0.836636
2103 2104 0.857702
2104 2120 0.970426
2107 2185 1.49349
2108 2109 1.44965
2109 2126 1.455
2110 2127 0.824862
2112 2203 0.927412
2113 2147 0.357305
2114 2267 0.269845
2115 2137 1.07194
2115 2138 1.06874
2117 2118 1.12092
2118 2131 1.30656
2120 2121 1.09777
2121 2158 1.25126
2122 2129 0.691199
2122 2203 0.91662
2123 2151 1.56533
2124 2126 1.5362
2124 2168 1.52875
2127 2142 0.827973
2128 2164 0.780959
2128 2157 0.894127
2129 2136 0.921204
2130 2267 0.268421
2131 2147 1.32419
2132 2150 0.61577
2133 2141 1.33354
2133 2173 1.19182
2134 2141 1.30116
2135 2155 0.198677
2136 2178 0.876497
2138 2163 1.09592
2139 2211 0.236502
2142 2144 0.813375
2143 2166 0.645565
2144 2153 0.767556
2145 2228 1.48087
2145 2240 1.55151
2146 2167 1.42942
2147 2165 1.06252
2148 2165 0.299342
2149 2201 0.655129
2149 2239 0.864754
2149 2170 0.71207
2150 2164 0.69753
2152 2170 0.675305
2152 2169 0.624701
2153 2166 0.649621
2154 2173 1.4174
2154 2188 1.40803
2155 2263 1.55633
2156 2178 0.6925
2157 2180 1.08309
2158 2159 1.37664
2159 2190 1.34211
2161 2211 1.39749
2161 2185 1.49166
2162 2163 0.97212
2162 2183 0.816844
2165 2171 0.927785
2167 2208 1.42379
2168 2231 1.5708
2171 2172 0.918763
2172 2186 0.953266
2174 2188 1.33851
2174 2200 1.36171
2175 2191 1.40638
2176 2187 1.56135
2177 2217 1.0464
2179 2208 0.119191
2179 2193 0.20744
2180 2181 1.19365
2181 2196 1.25735
2182 2192 0.661455
2182 2183 0.758325
2184 2215 1.35076
2186 2204 1.04566
2187 2194 1.55917
2189 2225 1.28874
2189 2190 1.30281
2190 2206 0.291358
2195 2223 1.16373
2195 2196 1.2332
2197 2212 1.48458
2198 2261 0.818258
2198 2215 1.0372
2199 2200 1.20498
2199 2210 0.922647
2201 2237 0.671322
2204 2205 1.12258
2205 2216 0.892991
2207 2233 0.246485
2208 2252 1.4044
2209 2229 1.38712
2211 2213 1.23693
2213 2218 1.32048
2218 2251 0.514188
2218 2294 1.06412
2219 2348 1.43428
2219 2346 1.44836
2220 2332 1.39056
2220 2325 1.30933
2222 2224 1.55855
2223 2247 1.12361
2225 2226 1.35525
2226 2254 1.39412
2227 2237 0.714593
2227 2235 0.382041
2229 2246 0.53167
2230 2241 1.48686
2230 2245 1.51667
2231 2242 1.56856
2233 2251 0.332871
2234 2263 1.54825
2234 2285 1.53387
2236 2319 1.40428
2236 2325 1.34094
2238 2241 1.52104
2239 2257 0.822807
2240 2245 1.5116
2242 2261 1.47478
2244 2306 1.44776
2244 2333 1.50616
2246 2250 0.587074
2247 2249 1.11803
2249 2260 0.274509
2249 2264 1.02729
2250 2270 0.662863
2251 2272 0.259399
2252 2275 1.48116
2253 2268 1.3773
2253 2254 1.44009
2255 2360 1.24116
2255 2375 1.37613
2256 2276 1.46401
2256 2271 0.188988
2257 2259 0.866953
2258 2388 1.1461
2258 2404 1.14766
2259 2279 1.49167
2261 2269 0.909409
2262 2284 0.440383
2264 2277 1.13472
2265 2266 0.172711
2266 2275 0.146169
2268 2291 1.2988
2269 2281 1.02875
2270 2287 0.756858
2271 2273 0.216013
2273 2274 0.285712
2275 2288 1.42646
2277 2293 1.28997
2278 2291 1.42611
2278 2327 1.52626
2279 2280 1.14288
2280 2328 0.964808
2281 2292 1.20797
2282 2375 1.42181
2282 2387 1.44496
2284 2308 0.468757
2285 2312 1.36133
2286 2288 0.0625514
2287 2302 0.874105
2288 2311 1.38719
2290 2361 1.43239
2290 2298 1.43172
2292 2295 1.22416
2293 2304 1.42809
2294 2306 1.22861
2295 2310 1.34706
2296 2307 1.49264
2296 2303 0.148426
2297 2452 1.17407
2297 2328 0.974118
2298 2356 1.39486
2299 2301 0.0996517
2300 2387 1.53686
2300 2398 1.52229
2301 2303 0.123058
2302 2326 1.01977
2304 2330 1.47971
2305 2327 1.49911
2305 2371 1.48227
2308 2349 0.555451
2309 2455 1.29001
2309 2452 1.26765
2310 2315 1.44253
2311 2313 1.39089
2312 2350 1.15264
2313 2316 1.42509
2314 2319 1.47812
2314 2317 0.114971
2315 2331 1.46061
2316 2320 1.45857
2317 2318 0.0999679
2320 2324 1.50711
2321 2407 1.56143
2321 2420 1.56147
2322 2324 0.112543
2322 2323 0.119546
2324 2329 1.47814
2326 2360 1.19686
2328 2449 1.42505
2329 2335 1.43228
2330 2347 1.50065
2331 2337 1.54812
2332 2341 1.47888
2332 2340 0.102337
2333 2368 1.54755
2334 2463 1.488
2334 2344 1.52302
2335 2338 1.43359
2336 2340 0.0815828
2337 2367 1.53553
2338 2339 1.42876
2339 2345 1.42199
2341 2342 1.50247
2342 2343 1.49916
2343 2346 1.47743
2344 2439 1.55241
2345 2355 1.40276
2347 2370 1.45938
2348 2353 1.42191
2349 2368 1.47984
2349 2377 1.05218
2350 2376 1.07037
2351 2420 1.57026
2351 2374 1.57026
2352 2357 1.46727
2352 2359 1.39799
2353 2354 1.39706
2354 2356 1.39801
2355 2359 1.37762
2357 2358 1.51713
2358 2366 0.105479
2358 2362 1.45961
2361 2363 1.41897
2362 2364 1.3836
2363 2364 1.38951
2365 2366 0.0905501
2367 2369 1.5708
2369 2379 1.56178
2370 2380 1.49599
2371 2372 1.44406
2372 2384 1.20433
2373 2471 1.57069
2373 2463 1.49913
2374 2427 1.5708
2376 2388 1.09393
2377 2378 1.08059
2378 2391 1.18749
2379 2381 1.56182
2380 2382 1.38407
2381 2390 1.57067
2382 2394 1.2742
2383 2384 1.05969
2383 2393 1.00822
2385 2431 1.53665
2385 2471 1.54366
2386 2427 1.5708
2386 2434 1.5708
2389 2390 1.57067
2389 2402 1.5708
2391 2397 1.18298
2392 2393 0.89138
2392 2400 0.993539
2394 2395 1.33071
2395 2410 1.25866
2396 2406 1.41688
2396 2422 1.43042
2397 2403 1.24865
2398 2407 1.5708
2399 2434 1.5708
2399 2443 1.5708
2400 2405 1.03388
2401 2402 1.5708
2401 2414 1.5708
2403 2408 1.21048
2404 2416 1.12949
2405 2412 0.63498
2406 2492 1.45142
2408 2418 1.20455
2409 2443 1.5708
2409 2453 1.5708
2410 2411 1.28823
2411 2417 0.885736
2413 2414 1.5708
2413 2424 1.5708
2415 2418 1.27953
2415 2426 1.45821
2416 2470 1.14504
2417 2419 0.752607
2421 2453 1.5708
2421 2465 1.5708
2422 2481 1.47822
2423 2424 1.5708
2423 2430 1.5708
2425 2470 1.11229
2425 2467 1.13315
2426 2428 1.47882
2428 2435 1.53444
2429 2465 1.5708
2429 2474 1.5708
2430 2432 1.5708
2431 2481 1.54907
2432 2438 1.5708
2433 2458 1.21356
2433 2441 1.41307
2435 2440 1.5621
2436 2474 1.5708
2436 2482 1.5708
2437 2438 1.5708
2437 2446 1.5708
2439 2457 1.56396
2440 2442 1.2549
2441 2451 1.53377
2442 2448 1.18664
2444 2482 1.5708
2444 2491 1.5708
2445 2446 1.5708
2445 2461 1.5708
2447 2455 1.41892
2447 2457 1.51874
2448 2454 0.906217
2449 2450 1.44265
2450 2456 1.51765
2451 2456 1.53538
2458 2467 1.07708
2459 2491 1.5708
2459 2503 1.5708
2460 2461 1.5708
2460 2468 1.5708
2462 2492 1.37268
2462 2472 1.35498
2464 2467 0.171974
2466 2502 0.155292
2468 2473 1.5708
2469 2503 1.5708
2469 2512 1.5708
2470 2475 0.980241
2472 2480 1.39849
2473 2478 1.5708
2475 2483 0.96389
2476 2502 0.722392
2476 2495 0.755513
2477 2478 1.5708
2477 2486 1.5708
2479 2512 1.5708
2479 2521 1.5708
2480 2505 1.4178
2483 2490 0.961209
2484 2485 0.152912
2485 2490 0.208374
2486 2487 1.5708
2487 2496 1.5708
2488 2521 1.5708
2488 2531 1.5708
2489 2507 0.352097
2489 2494 0.307348
2490 2495 0.805521
2493 2505 1.39677
2493 2506 1.43657
2494 2498 0.26766
2496 2497 1.5708
2497 2509 1.5708
2498 2501 0.212741
2499 2531 1.5708
2499 2537 1.5708
2500 2504 0.55628
2500 2502 0.62052
2504 2507 0.464837
2506 2514 1.45962
2507 2508 0.180117
2509 2510 1.5708
2510 2516 1.5708
2511 2537 1.5708
2511 2542 1.5708
2513 2518 1.10678
2513 2526 1.41467
2514 2515 1.44726
2515 2522 1.42091
2516 2517 1.56505
2517 2523 1.56503
2519 2542 1.5708
2519 2549 1.5708
2520 2530 1.56853
2520 2522 1.45354
2523 2524 1.5708
2524 2525 1.55548
2525 2533 1.56438
2526 2527 1.49945
2527 2529 1.47431
2528 2549 1.5708
2528 2553 1.5708
2529 2532 1.43475
2530 2539 1.44644
2532 2535 1.41813
2533 2540 1.48777
2534 2553 1.5708
2534 2558 1.5708
2535 2538 1.49986
2536 2547 1.46713
2536 2544 1.41753
2538 2544 1.48102
2539 2543 1.20518
2540 2545 1.48203
2541 2558 1.5708
2541 2566 1.5708
2543 2563 0.988223
2545 2548 1.33555
2546 2566 1.5708
2546 2576 1.5708
2547 2551 1.28789
2548 2550 1.31378
2550 2555 1.20798
2551 2556 1.30056
2552 2576 1.5708
2552 2584 1.5708
2554 2556 1.37534
2554 2561 1.52227
2555 2557 1.04405
2557 2563 1.03927
2559 2584 1.5708
2559 2591 1.5708
2560 2570 1.4788
2560 2577 1.48184
2561 2570 1.55623
2562 2563 1.39476
2562 2569 1.40074
2564 2586 1.40498
2564 2565 1.55627
2565 2592 1.36532
2567 2591 1.5708
2567 2602 1.5708
2568 2592 1.57034
2568 2597 1.55387
2569 2571 1.42449
2571 2573 1.50117
2572 2600 1.44128
2572 2603 1.5099
2573 2575 1.4901
2574 2605 1.46628
2574 2588 1.55738
2575 2581 1.5708
2577 2586 1.56556
2578 2602 1.5708
2578 2613 1.5708
2579 2582 0.342145
2580 2618 1.54907
2580 2581 1.5434
2582 2599 0.462001
2583 2590 1.08128
2583 2599 1.07248
2585 2612 1.45425
2585 2599 1.35639
2587 2613 1.5708
2587 2621 1.5708
2588 2608 1.3429
2589 2612 0.266551
2590 2594 1.34525
2593 2621 1.5708
2593 2629 1.5708
2594 2627 1.40771
2595 2598 0.285163
2596 2608 1.29416
2596 2609 0.905441
2597 2600 1.54283
2598 2601 0.466881
2601 2611 0.626994
2603 2604 1.53364
2604 2605 1.54673
2606 2629 1.5708
2606 2637 1.5708
2607 2615 0.558198
2607 2610 0.373343
2609 2617 0.72237
2611 2648 1.55028
2611 2619 1.16239
2612 2636 1.50891
2614 2637 1.5708
2614 2644 1.5708
2615 2630 0.747479
2616 2630 0.733002
2616 2626 0.628558
2617 2625 1.1559
2617 2618 1.51731
2619 2627 1.15332
2620 2636 1.41284
2620 2643 1.29704
2622 2644 1.5708
2622 2653 1.5708
2623 2626 0.569241
2624 2633 1.19802
2624 2625 1.15397
2628 2643 0.259807
2630 2634 1.37499
2631 2653 1.5708
2631 2662 1.5708
2632 2642 1.55403
2632 2633 1.34852
2634 2640 1.43198
2635 2648 1.37332
2635 2661 1.28005
2638 2662 1.5708
2638 2670 1.5708
2639 2698 1.19556
2639 2647 1.10964
2640 2654 1.11883
2641 2652 1.56845
2641 2642 1.53369
2643 2645 1.1314
2645 2646 1.07695
2646 2650 0.274618
2646 2655 0.972862
2647 2654 0.953078
2649 2670 1.5708
2649 2678 1.5708
2651 2652 1.55339
2651 2660 1.55586
2654 2696 1.47811
2655 2657 0.914703
2656 2711 1.46806
2656 2681 1.53543
2657 2663 0.970539
2658 2678 1.5708
2658 2686 1.5708
2659 2666 1.5708
2659 2660 1.5708
2661 2668 1.16946
2663 2669 1.21977
2664 2686 1.5708
2664 2697 1.5708
2665 2672 1.5708
2665 2666 1.5708
2667 2675 1.4761
2667 2711 1.4745
2668 2699 1.02226
2669 2671 1.16355
2671 2677 1.29072
2672 2676 1.5708
2673 2697 1.5708
2673 2710 1.5708
2674 2699 1.14382
2674 2684 1.20464
2675 2716 1.41258
2676 2682 1.5708
2677 2679 1.28522
2679 2680 1.35542
2680 2687 1.52827
2681 2702 1.53482
2682 2685 1.5708
2683 2710 1.5708
2683 2721 1.5708
2684 2689 1.41206
2685 2692 1.5708
2687 2690 1.40802
2688 2700 1.42299
2688 2702 1.47593
2689 2695 1.48337
2690 2694 1.30336
2691 2706 1.5706
2691 2692 1.5708
2693 2721 1.5708
2693 2733 1.5708
2694 2704 1.24648
2695 2696 1.52777
2698 2700 1.27362
2699 2703 1.15151
2701 2716 1.38735
2701 2714 1.49293
2703 2709 1.06662
2704 2707 0.869105
2705 2715 1.5638
2705 2706 1.5706
2708 2733 1.5708
2708 2739 1.5708
2709 2712 0.995169
2712 2719 0.931363
2713 2728 0.271681
2714 2722 1.44967
2715 2717 1.56377
2717 2723 1.5708
2718 2739 1.5708
2718 2746 1.5708
2719 2724 0.894243
2720 2735 1.56897
2720 2722 1.41645
2723 2727 1.54295
2724 2725 0.84097
2725 2728 0.744219
2726 2727 1.55502
2726 2734 1.47413
2728 2730 0.555301
2729 2746 1.5708
2729 2750 1.5708
2730 2731 0.414103
2731 2732 0.267871
2734 2742 1.45609
2735 2741 1.4076
2736 2738 0.56472
2736 2744 1.16018
2737 2750 1.5708
2737 2755 1.5708
2740 2751 1.27152
2740 2744 1.3306
2741 2745 0.853318
2742 2748 1.32788
2743 2755 1.5708
2743 2763 1.5708
2745 2753 0.753398
2747 2758 1.56163
2747 2751 1.53294
2748 2752 1.32024
2749 2767 0.80116
2749 2762 0.768533
2752 2753 1.21684
2753 2757 1.36183
2754 2762 0.722058
2756 2764 1.33776
2756 2768 1.5387
2757 2759 1.38054
2758 2764 1.34944
2759 2761 1.51249
2760 2772 1.5036
2760 2774 1.35925
2761 2765 1.49625
2763 2767 1.56256
2765 2778 1.56446
2766 2774 1.36064
2766 2777 0.692294
2767 2769 1.04554
2768 2771 1.45534
2769 2770 0.80116
2770 2775 0.768533
2771 2772 1.55679
2773 2777 0.504408
2773 2779 0.655419
2775 2776 0.722058
2778 2779 1.4675
2779 2780 1.22891
2780 2781 1.33321
2781 2782 1.50987
2782 2783 1.51536
2783 2784 1.56582
2784 2785 1.5674
2785 2786 1.5708
2786 2787 1.56794
2787 2788 1.56795
2788 2789 1.57073
2789 2790 1.57073
2790 2791 1.5708
2791 2792 1.5708
2792 2793 1.5708
2793 2794 1.5708
2794 2795 1.5708
2795 2796 1.5708
2796 2797 1.5708
2797 2798 1.5708
2798 2799 1.5708
2799 2800 1.56256
2800 2805 1.04554
2800 2804 0.80116
2801 2803 0.722058
2802 2803 0.768533
2802 2805 0.80116
2804 2807 0.768533
2806 2807 0.722058
