387
28.0 43.0
11.0 82.0
12.0 84.0
13.0 83.0
45.0 68.0
44.0 71.0
86.0 18.0
85.0 19.0
86.0 21.0
87.0 20.0
18.5 75.5
14.0 73.0
12.0 81.0
18.0 88.0
18.636363636363637 79.36363636363636
81.76923076923077 26.692307692307693
76.95454545454545 27.227272727272727
72.0 73.0
80.0 40.0
15.0 16.0
14.0 15.0
20.857142857142854 23.285714285714285
21.636363636363637 23.363636363636363
50.80172413793103 32.425862068965515
40.91836734693877 25.408163265306122
36.5 23.444444444444443
35.0 41.0
39.0 42.0
50.243902439024396 37.0
16.0 71.0
15.0 72.0
14.0 80.0
17.0 79.0
14.0 78.0
10.0 78.0
13.0 85.0
17.0 81.0
77.0 34.0
76.08759124087591 27.16058394160584
75.51515151515152 27.418181818181818
51.13953488372093 56.418604651162795
20.0 85.0
19.0 87.0
20.0 32.0
24.046511627906977 22.72093023255814
20.0 23.0
14.0 20.0
13.0 19.0
20.37837837837838 79.24324324324324
20.061855670103093 79.14432989690721
32.0 70.0
29.625 80.5
28.0 57.0
11.0 24.0
21.0 24.0
16.0 24.5
11.5 24.5
11.0 25.0
58.69642857142857 28.82142857142857
64.78125 27.5625
49.0 30.80769230769231
50.06214689265537 31.627118644067796
50.0 31.576923076923077
49.5 44.1
49.756097560975604 42.0
49.5 49.083333333333336
36.5 21.5
18.0 74.0
17.0 72.0
12.0 74.0
13.0 75.0
15.0 85.0
14.0 86.0
17.0 86.0
16.0 87.0
83.0 27.0
86.0 28.0
89.0 29.5
83.5 30.5
69.5 66.0
79.0 39.0
78.0 37.0
71.0 43.0
78.0 25.0
77.0909090909091 25.727272727272727
83.0 20.0
69.27272727272727 65.9090909090909
61.0 63.333333333333336
65.0 69.0
65.42857142857143 66.28571428571429
54.0 77.0
23.0 89.0
35.0 90.0
34.0 80.44444444444444
33.0 80.5
30.0 80.5
12.0 18.0
12.0 17.0
30.0 39.0
32.0 40.0
23.0 21.5
17.0 17.0
21.0 30.5
28.5 23.0
25.92857142857143 22.785714285714285
24.833333333333332 22.833333333333332
23.0 34.0
22.0 35.0
27.0 30.0
28.0 26.0
15.5 21.0
17.5 22.0
11.0 22.0
23.5 88.5
19.0 76.5
20.0 79.0
20.0 70.0
43.0 48.0
38.0 47.0
17.0 30.0
18.0 26.0
14.0 30.0
60.0 22.0
59.0 27.0
65.0 27.5
72.0 27.0
72.4 27.0
71.0 40.0
47.0 29.384615384615387
48.0 30.076923076923077
57.0 29.53333333333333
58.0 29.1
64.0 12.0
63.0 13.0
61.0 18.0
62.0 15.0
88.0 22.0
12.0 77.0
11.0 76.0
85.0 31.0
90.0 30.0
89.5 29.5
90.0 29.0
76.0 28.0
86.0 37.0
87.0 34.0
73.0 68.0
71.5 67.0
75.0 70.0
74.0 69.0
72.0 71.0
73.0 72.0
55.09090909090909 59.0
72.0 60.0
65.77777777777777 66.22222222222223
69.11111111111111 65.88888888888889
71.0 74.0
66.0 69.0
65.5 66.5
65.5 67.0
70.0 73.0
68.0 69.0
50.0 84.0
35.5 80.27777777777777
36.0 90.0
35.5 89.5
41.25242718446602 77.66990291262135
27.0 88.0
26.0 89.0
21.0 82.0
32.0 90.0
32.0 80.5
31.0 80.5
20.0 35.0
19.0 33.0
24.0 36.0
16.0 15.0
15.0 14.0
22.0 12.0
23.0 14.0
21.0 11.0
20.0 10.0
27.0 16.0
31.0 23.037037037037038
30.0 23.0
24.0 10.0
29.0 38.0
32.0 58.0
21.0 79.3529411764706
21.625 79.5
22.0 79.5
23.5 79.52777777777777
24.0 79.5
23.0 79.5
29.0 63.0
34.0 54.0
15.0 32.0
16.0 33.0
16.0 31.0
14.0 28.0
13.0 29.0
13.0 26.0
12.0 27.0
66.15671641791045 27.21641791044776
66.0 27.25
67.0 23.0
74.0 20.0
73.0 24.0
73.0 27.115384615384613
74.0 27.269230769230766
75.484375 27.421875
75.0 27.384615384615383
76.0 30.0
71.0 13.0
70.0 14.0
68.0 19.0
69.0 16.0
89.0 23.0
88.0 24.0
90.0 24.0
86.0 25.0
83.5 26.0
84.5 25.5
90.0 26.0
78.0 23.0
83.0 16.0
88.0 32.5
89.0 33.0
88.5 32.5
81.0 33.0
81.0 38.0
82.0 39.0
50.64705882352941 56.0
50.220828105395235 55.65495608531995
85.0 17.0
84.0 18.0
75.0 17.0
76.0 15.0
77.0 14.0
72.0 65.0
52.09090909090909 57.0
53.63636363636364 58.0
74.0 61.0
73.0 62.0
69.0 75.0
49.0 86.0
38.0 79.66666666666667
37.0 79.94444444444444
39.888888888888886 78.77777777777777
53.0 79.0
52.0 78.0
43.25 73.625
42.04838709677419 76.62903225806451
43.5 77.5
51.0 81.0
49.0 80.0
47.5 79.5
52.0 82.0
51.0 83.0
62.0 75.0
64.0 72.0
63.0 74.0
29.0 83.0
28.0 86.0
24.0 89.0
34.0 46.0
29.0 44.0
31.0 45.0
27.0 49.0
18.0 34.0
26.0 33.0
25.0 35.0
20.0 15.5
19.0 14.0
17.0 12.0
18.0 13.0
28.0 20.0
28.6 23.0
29.0 23.0
30.0 9.0
26.0 13.0
25.0 11.0
29.0 60.0
30.0 59.0
29.0 80.3529411764706
25.0 79.6470588235294
24.375 79.5
25.0 77.0
28.0 71.0
30.0 66.0
31.0 65.0
33.0 64.0
36.0 63.0
35.5 66.5
34.0 67.0
40.0 62.0
45.0 61.0
46.973684210526315 60.76315789473684
47.01492537313433 60.66417910447761
29.0 56.0
31.0 55.0
38.0 53.0
43.0 52.0
72.0 41.0
44.0 13.0
37.0 19.0
38.0 15.0
40.0 10.0
39.0 12.0
82.0 15.0
81.0 16.0
80.0 18.0
79.0 20.5
79.5 19.5
79.0 14.0
34.0 12.0
89.0 32.0
84.0 35.0
87.0 36.0
85.0 36.0
75.0 63.0
74.0 64.0
83.0 37.0
84.0 38.0
67.0 72.0
68.0 74.0
38.0 90.0
45.0 88.0
44.0 87.0
47.0 87.0
43.0 80.0
46.0 86.0
48.0 85.0
58.0 76.0
57.0 75.0
53.0 62.0
27.0 51.0
28.0 50.0
22.0 10.0
33.0 10.0
27.0 72.0
26.0 74.0
42.0 20.0
43.0 16.0
53.0 17.0
54.0 14.0
36.0 19.0
35.0 15.0
70.0 44.0
49.52471482889734 50.91254752851711
49.66417910447761 52.11194029850746
40.0 83.0
39.0 79.33333333333333
39.075949367088604 79.30379746835443
43.0 89.0
55.0 70.0
56.0 73.0
60.0 75.0
59.0 74.0
32.0 9.0
32.0 68.0
31.0 69.0
51.0 26.0
52.0 21.0
72.0 48.0
71.0 49.0
49.529411764705884 49.294117647058826
49.54545454545455 50.0
72.0 52.0
50.083333333333336 54.5
49.833333333333336 53.0
72.0 55.0
72.0 54.0
71.5 54.5
41.0 86.0
42.0 88.0
56.0 11.0
55.0 12.0
41.0 9.0
61.0 47.0
71.0 51.0
69.0 50.0
68.0 45.0
65.0 46.0
48.0 10.0
46.0 10.0
45.0 11.0
385
2 3 1.5707963267948966
6 7 1.5707963267948966
8 9 1.5707963267948966
1 12 1.5707963267948966
19 20 1.5707963267948966
26 27 0.4899573262537284
31 32 0.6435011087932843
12 31 0.9272952180016123
32 33 0.6435011087932843
33 34 0.6435011087932845
35 36 0.4899573262537286
3 36 0.6435011087932847
14 32 1.4045138630180136
14 36 0.8674839951880862
46 47 1.5707963267948966
53 56 2.214297435588181
56 57 2.214297435588181
67 68 0.9272952180016123
10 30 0.5565993180102229
10 67 0.7610127542247299
29 68 1.5707963267948966
69 70 1.5707963267948966
71 72 1.5707963267948966
36 71 0.6435011087932847
73 74 1.5707963267948966
48 49 2.6001875850207323
14 49 1.8596985979727108
48 73 0.449087103845498
75 76 0.6435011087932843
8 83 0.3947911196997614
7 85 0.9272952180016123
83 85 0.6435011087932845
13 42 1.5707963267948966
41 42 0.9272952180016123
96 97 3.141592653589793
47 96 1.5707963267948966
19 101 0.9272952180016123
106 107 1.5707963267948966
46 110 1.176005207095135
100 101 0.7610127542247296
21 22 1.0900768101352813
22 44 1.5921630352355958
44 100 0.8621009277657066
21 45 0.7234584830398647
45 111 0.7610127542247298
110 111 0.9272952180016123
111 112 0.3597069995849567
21 55 0.6032380925324793
55 56 0.836448659158458
114 115 0.7610127542247298
115 116 0.24870998909352243
11 115 0.3302973548292534
10 114 0.8364486591584581
49 115 0.9191153045122188
32 70 0.7610127542247299
28 64 3.141592653589793
23 28 2.7292840400961342
59 127 0.27530416626861853
23 130 2.00304781617282
58 131 2.3631943687853036
58 59 2.385202387282089
130 131 2.3237769956879424
122 123 0.3947911196997614
58 123 0.3727284196168747
59 124 2.636956691816939
132 133 1.5707963267948966
133 135 0.9272952180016123
122 134 0.4899573262537284
134 135 0.6435011087932843
137 138 1.5707963267948966
33 137 0.9272952180016123
140 141 2.214297435588181
141 142 2.214297435588181
77 141 2.6516353273360647
76 77 1.176005207095135
146 147 1.176005207095135
79 147 0.9272952180016123
148 149 1.5707963267948966
146 149 1.5707963267948966
150 151 1.5707963267948966
87 89 2.3157727694791017
89 154 1.3463906968003885
87 152 1.5119897503868867
153 154 0.31870328180783314
88 159 0.5565993180102227
157 159 0.5565993180102227
154 155 1.4656302035730127
86 155 1.387822293051882
158 161 0.7970448913328404
150 161 0.6435011087932847
79 86 0.9094385496419373
89 158 1.553097673762381
160 161 0.6435011087932847
17 161 0.4899573262537286
156 160 1.5707963267948966
92 165 2.214297435588181
93 163 2.8655806062747544
163 165 0.42712086696097606
167 168 1.5707963267948966
41 169 0.6435011087932843
93 94 3.0305956430983594
170 171 0.2342174891337289
171 172 3.141592653589793
94 171 3.141592653589793
95 172 3.141592653589793
43 173 0.9272952180016123
43 102 1.176005207095135
102 105 0.5694608770454244
103 104 2.392925421574625
103 106 0.30529865679053025
104 105 2.413634740570505
117 118 0.3947911196997614
43 174 1.5707963267948966
54 119 0.6435011087932843
22 54 0.753559372580599
44 105 2.1855667286458673
101 176 0.9272952180016123
176 177 1.5707963267948966
108 109 0.4899573262537284
63 64 2.846198537985904
26 99 0.6435011087932843
27 63 0.3249782184344068
98 99 0.9272952180016123
98 186 1.5707963267948966
188 189 2.7214150271516258
189 190 3.0721760971392422
48 188 2.74924801585022
169 189 0.538334985571401
191 192 3.0860513804029535
191 193 3.0860513804029535
91 113 2.214297435588181
113 191 0.43864893711892683
190 193 3.141592653589793
197 198 1.5707963267948966
196 198 1.5707963267948966
119 198 1.5707963267948966
120 121 0.4899573262537286
54 120 0.4899573262537284
199 200 1.5707963267948966
120 199 0.6435011087932847
201 202 1.5707963267948966
55 201 0.7610127542247298
203 204 2.6621846800489886
203 205 0.4072206726060533
124 204 2.6516353273360647
206 207 0.4899573262537284
125 126 3.097155522936355
126 207 0.42812136712764265
213 214 1.5707963267948966
215 216 0.6435011087932843
205 215 0.4899573262537284
214 216 0.9272952180016123
125 203 2.7153305979810467
217 218 1.5707963267948966
218 219 1.5707963267948966
221 223 0.3597069995849567
220 222 0.7610127542247299
221 222 0.8364486591584581
15 75 0.5871779748174997
15 221 0.8058231817070317
218 220 0.9272952180016123
136 222 0.5565993180102229
38 84 1.0692422384757543
16 38 1.1104135912766886
83 84 0.609021766404225
15 16 0.9605291529920201
78 145 0.5565993180102229
78 139 0.7610127542247299
139 226 1.176005207095135
230 231 1.5707963267948966
37 81 0.6435011087932843
37 212 0.4899573262537284
80 81 0.9272952180016123
18 80 1.5707963267948966
39 210 2.5955401226003407
39 143 0.6246559657096878
210 212 0.435872153644597
143 230 0.33029735482925404
226 228 2.6516353273360647
227 228 2.214297435588181
234 235 1.5707963267948966
85 235 0.9272952180016123
236 237 0.9272952180016123
206 236 0.6435011087932843
237 238 1.5707963267948966
84 224 0.6527176334135253
208 209 2.836293996799263
209 211 2.9118394427559946
38 39 2.031799329834328
210 211 2.9486835152706328
126 208 2.791370677744599
86 239 0.662192153408263
240 241 1.1486096603494038
40 232 1.3807761053254963
40 240 1.1181495399224965
152 241 1.2045746922699285
242 243 1.5707963267948966
155 243 0.7766374363449325
249 250 1.5707963267948966
4 90 0.22131444234779088
4 5 2.3318090810196264
5 251 2.730801875210258
250 251 0.36788691307435023
254 257 1.5707963267948966
254 255 0.9272952180016123
255 256 0.7610127542247299
256 258 0.5565993180102229
251 252 3.0670304428075137
253 256 0.6435011087932847
252 253 0.5901013387827528
162 253 0.305298656790531
260 261 0.9272952180016123
88 260 0.6435011087932843
259 261 1.5707963267948966
158 159 0.9529348389474136
262 263 0.6435011087932843
51 95 3.0721760971392422
51 262 0.538334985571401
167 263 0.9272952180016123
113 264 2.214297435588181
118 265 0.4899573262537284
266 267 0.9272952180016123
0 266 1.5707963267948966
265 267 0.6435011087932843
63 65 2.7567319388775315
65 117 0.3258529177007456
174 269 1.5707963267948966
270 271 0.9272952180016123
175 271 1.5707963267948966
108 270 0.6435011087932843
272 273 1.176005207095135
100 272 0.6435011087932847
178 179 0.9272952180016123
104 179 0.4003621359317773
178 180 1.5707963267948966
274 275 1.5707963267948966
273 275 1.5707963267948966
276 277 0.42812136712764315
277 278 3.097155522936355
182 276 0.4899573262537284
109 277 0.42812136712764315
103 277 2.3736928742452017
61 62 1.8272014872702658
60 62 1.8302014011067207
60 129 1.8794338786471345
24 25 2.6748216603214234
24 128 2.2819599872884138
25 183 2.6691021321529185
23 61 2.068780479141773
184 278 3.141592653589793
128 129 1.930503326379853
183 184 3.0675524218419334
184 279 0.15354378253955725
280 281 0.9272952180016123
182 280 0.6435011087932843
185 281 1.5707963267948966
282 283 1.5707963267948966
187 283 0.9272952180016123
51 284 2.7214150271516258
284 285 3.141592653589793
192 286 3.0721760971392422
285 286 2.7214150271516258
286 287 0.538334985571401
289 290 1.5707963267948966
290 291 0.9272952180016123
291 292 0.6435011087932843
292 295 0.4899573262537284
293 294 0.7610127542247299
293 297 0.405175242380449
295 296 0.3947911196997614
296 298 0.3705270096016543
297 298 1.6772217726386647
194 292 0.3302973548292534
50 293 0.5565993180102229
4 297 1.7573041570044567
299 300 0.9272952180016123
52 299 1.5707963267948966
195 300 0.6435011087932843
301 302 0.3947911196997614
195 301 0.4899573262537284
127 303 1.5707963267948966
309 310 1.5707963267948966
312 314 0.3597069995849567
311 313 0.7610127542247299
312 313 0.8364486591584581
310 311 0.9272952180016123
224 312 0.7610127542247298
225 313 0.5565993180102229
228 316 2.214297435588181
16 78 0.5367324218118131
318 319 1.5707963267948966
317 319 1.5707963267948966
143 229 0.6435011087932845
229 317 0.9272952180016121
144 319 1.5707963267948966
320 321 1.5707963267948966
239 321 0.9272952180016123
322 323 1.5707963267948966
229 322 0.6435011087932847
324 325 0.9272952180016123
157 324 0.6435011087932843
244 325 1.5707963267948966
246 326 0.21347134529827222
246 247 2.599698952912952
164 165 2.214297435588181
163 247 2.757496619108333
327 328 1.5707963267948966
329 331 1.5707963267948966
330 332 0.6435011087932845
330 331 0.4899573262537284
245 332 1.5707963267948966
166 330 0.544408719611034
166 252 2.9421313156768845
166 248 2.7538598396496576
248 328 0.38642296769561185
333 334 1.5707963267948966
336 337 1.5707963267948966
268 337 1.5707963267948966
178 338 1.5707963267948966
340 341 0.9272952180016123
288 340 1.5707963267948966
287 341 0.6435011087932843
82 348 1.5707963267948966
302 349 0.32563630338338656
187 350 0.2522024186054355
349 350 2.819952097195677
351 353 0.4990550648671011
352 353 2.4905062461472105
246 352 2.498091544796509
248 353 2.796261413362383
355 356 0.6435011087932843
334 356 0.9272952180016123
40 335 0.3642276172395087
232 233 1.392130533324167
233 298 1.7593362397483645
335 355 0.39479111969976166
357 358 1.5707963267948966
335 358 0.2837941092083276
66 346 0.4373378917478842
25 66 0.7357821818073091
315 347 0.6435011087932843
315 339 0.9272952180016123
346 347 0.4899573262537284
339 359 1.5707963267948966
360 361 1.5707963267948966
294 360 0.9272952180016123
344 345 0.6435011087932843
344 363 0.4899573262537284
362 363 0.3947911196997614
61 362 0.33369084224060247
364 365 1.5707963267948966
337 367 0.26457480258767196
65 366 2.801763996811258
366 367 2.992138844898945
349 367 3.0014835573720378
233 369 2.8650335338383406
350 370 2.7702960177149905
369 370 2.834505088510682
371 373 2.214297435588181
372 373 2.214297435588181
369 373 0.1862303222329867
374 375 0.9272952180016123
351 374 0.6435011087932843
354 375 1.5707963267948966
376 377 1.5707963267948966
345 377 0.9272952180016123
304 343 0.6435011087932843
342 343 0.4899573262537284
307 378 1.5707963267948966
24 342 0.38860875917508697
66 305 0.4373378917478842
305 306 0.4899573262537284
306 308 0.6435011087932843
307 308 0.9272952180016123
380 381 0.9272952180016123
365 381 0.9272952180016123
368 380 1.5707963267948966
367 381 0.40336249579363415
366 379 0.3151231391713181
382 383 0.6435011087932843
348 382 0.9272952180016123
379 383 0.4899573262537284
129 384 0.10474284280492177
385 386 1.5707963267948966
304 386 0.9272952180016123
