387
28.0 43.0
11.0 82.0
12.0 84.0
13.0 83.0
45.0 68.0
44.0 71.0
86.0 18.0
85.0 19.0
86.0 21.0
87.0 20.0
18.5 75.5
14.0 73.0
12.0 81.0
18.0 88.0
18.636363636363637 79.36363636363636
81.76923076923077 26.692307692307693
76.95454545454545 27.227272727272727
72.0 73.0
80.0 40.0
15.0 16.0
14.0 15.0
20.857142857142854 23.285714285714285
21.636363636363637 23.363636363636363
50.80172413793103 32.425862068965515
40.91836734693877 25.408163265306122
36.5 23.444444444444443
35.0 41.0
39.0 42.0
50.243902439024396 37.0
16.0 71.0
15.0 72.0
14.0 80.0
17.0 79.0
14.0 78.0
10.0 78.0
13.0 85.0
17.0 81.0
77.0 34.0
76.08759124087591 27.16058394160584
75.51515151515152 27.418181818181818
51.13953488372093 56.418604651162795
20.0 85.0
19.0 87.0
20.0 32.0
24.046511627906977 22.72093023255814
20.0 23.0
14.0 20.0
13.0 19.0
20.37837837837838 79.24324324324324
20.061855670103093 79.14432989690721
32.0 70.0
29.625 80.5
28.0 57.0
11.0 24.0
21.0 24.0
16.0 24.5
11.5 24.5
11.0 25.0
58.69642857142857 28.82142857142857
64.78125 27.5625
49.0 30.80769230769231
50.06214689265537 31.627118644067796
50.0 31.576923076923077
49.5 44.1
49.756097560975604 42.0
49.5 49.083333333333336
36.5 21.5
18.0 74.0
17.0 72.0
12.0 74.0
13.0 75.0
15.0 85.0
14.0 86.0
17.0 86.0
16.0 87.0
83.0 27.0
86.0 28.0
89.0 29.5
83.5 30.5
69.5 66.0
79.0 39.0
78.0 37.0
71.0 43.0
78.0 25.0
77.0909090909091 25.727272727272727
83.0 20.0
69.27272727272727 65.9090909090909
61.0 63.333333333333336
65.0 69.0
65.42857142857143 66.28571428571429
54.0 77.0
23.0 89.0
35.0 90.0
34.0 80.44444444444444
33.0 80.5
30.0 80.5
12.0 18.0
12.0 17.0
30.0 39.0
32.0 40.0
23.0 21.5
17.0 17.0
21.0 30.5
28.5 23.0
25.92857142857143 22.785714285714285
24.833333333333332 22.833333333333332
23.0 34.0
22.0 35.0
27.0 30.0
28.0 26.0
15.5 21.0
17.5 22.0
11.0 22.0
23.5 88.5
19.0 76.5
20.0 79.0
20.0 70.0
43.0 48.0
38.0 47.0
17.0 30.0
18.0 26.0
14.0 30.0
60.0 22.0
59.0 27.0
65.0 27.5
72.0 27.0
72.4 27.0
71.0 40.0
47.0 29.384615384615387
48.0 30.076923076923077
57.0 29.53333333333333
58.0 29.1
64.0 12.0
63.0 13.0
61.0 18.0
62.0 15.0
88.0 22.0
12.0 77.0
11.0 76.0
85.0 31.0
90.0 30.0
89.5 29.5
90.0 29.0
76.0 28.0
86.0 37.0
87.0 34.0
73.0 68.0
71.5 67.0
75.0 70.0
74.0 69.0
72.0 71.0
73.0 72.0
55.09090909090909 59.0
72.0 60.0
65.77777777777777 66.22222222222223
69.11111111111111 65.88888888888889
71.0 74.0
66.0 69.0
65.5 66.5
65.5 67.0
70.0 73.0
68.0 69.0
50.0 84.0
35.5 80.27777777777777
36.0 90.0
35.5 89.5
41.25242718446602 77.66990291262135
27.0 88.0
26.0 89.0
21.0 82.0
32.0 90.0
32.0 80.5
31.0 80.5
20.0 35.0
19.0 33.0
24.0 36.0
16.0 15.0
15.0 14.0
22.0 12.0
23.0 14.0
21.0 11.0
20.0 10.0
27.0 16.0
31.0 23.037037037037038
30.0 23.0
24.0 10.0
29.0 38.0
32.0 58.0
21.0 79.3529411764706
21.625 79.5
22.0 79.5
23.5 79.52777777777777
24.0 79.5
23.0 79.5
29.0 63.0
34.0 54.0
15.0 32.0
16.0 33.0
16.0 31.0
14.0 28.0
13.0 29.0
13.0 26.0
12.0 27.0
66.15671641791045 27.21641791044776
66.0 27.25
67.0 23.0
74.0 20.0
73.0 24.0
73.0 27.115384615384613
74.0 27.269230769230766
75.484375 27.421875
75.0 27.384615384615383
76.0 30.0
71.0 13.0
70.0 14.0
68.0 19.0
69.0 16.0
89.0 23.0
88.0 24.0
90.0 24.0
86.0 25.0
83.5 26.0
84.5 25.5
90.0 26.0
78.0 23.0
83.0 16.0
88.0 32.5
89.0 33.0
88.5 32.5
81.0 33.0
81.0 38.0
82.0 39.0
50.64705882352941 56.0
50.220828105395235 55.65495608531995
85.0 17.0
84.0 18.0
75.0 17.0
76.0 15.0
77.0 14.0
72.0 65.0
52.09090909090909 57.0
53.63636363636364 58.0
74.0 61.0
73.0 62.0
69.0 75.0
49.0 86.0
38.0 79.66666666666667
37.0 79.94444444444444
39.888888888888886 78.77777777777777
53.0 79.0
52.0 78.0
43.25 73.625
42.04838709677419 76.62903225806451
43.5 77.5
51.0 81.0
49.0 80.0
47.5 79.5
52.0 82.0
51.0 83.0
62.0 75.0
64.0 72.0
63.0 74.0
29.0 83.0
28.0 86.0
24.0 89.0
34.0 46.0
29.0 44.0
31.0 45.0
27.0 49.0
18.0 34.0
26.0 33.0
25.0 35.0
20.0 15.5
19.0 14.0
17.0 12.0
18.0 13.0
28.0 20.0
28.6 23.0
29.0 23.0
30.0 9.0
26.0 13.0
25.0 11.0
29.0 60.0
30.0 59.0
29.0 80.3529411764706
25.0 79.6470588235294
24.375 79.5
25.0 77.0
28.0 71.0
30.0 66.0
31.0 65.0
33.0 64.0
36.0 63.0
35.5 66.5
34.0 67.0
40.0 62.0
45.0 61.0
46.973684210526315 60.76315789473684
47.01492537313433 60.66417910447761
29.0 56.0
31.0 55.0
38.0 53.0
43.0 52.0
72.0 41.0
44.0 13.0
37.0 19.0
38.0 15.0
40.0 10.0
39.0 12.0
82.0 15.0
81.0 16.0
80.0 18.0
79.0 20.5
79.5 19.5
79.0 14.0
34.0 12.0
89.0 32.0
84.0 35.0
87.0 36.0
85.0 36.0
75.0 63.0
74.0 64.0
83.0 37.0
84.0 38.0
67.0 72.0
68.0 74.0
38.0 90.0
45.0 88.0
44.0 87.0
47.0 87.0
43.0 80.0
46.0 86.0
48.0 85.0
58.0 76.0
57.0 75.0
53.0 62.0
27.0 51.0
28.0 50.0
22.0 10.0
33.0 10.0
27.0 72.0
26.0 74.0
42.0 20.0
43.0 16.0
53.0 17.0
54.0 14.0
36.0 19.0
35.0 15.0
70.0 44.0
49.52471482889734 50.91254752851711
49.66417910447761 52.11194029850746
40.0 83.0
39.0 79.33333333333333
39.075949367088604 79.30379746835443
43.0 89.0
55.0 70.0
56.0 73.0
60.0 75.0
59.0 74.0
32.0 9.0
32.0 68.0
31.0 69.0
51.0 26.0
52.0 21.0
72.0 48.0
71.0 49.0
49.529411764705884 49.294117647058826
49.54545454545455 50.0
72.0 52.0
50.083333333333336 54.5
49.833333333333336 53.0
72.0 55.0
72.0 54.0
71.5 54.5
41.0 86.0
42.0 88.0
56.0 11.0
55.0 12.0
41.0 9.0
61.0 47.0
71.0 51.0
69.0 50.0
68.0 45.0
65.0 46.0
48.0 10.0
46.0 10.0
45.0 11.0
385
2 3 0.41013765072018016
6 7 0.42386696924969847
8 9 0.26588018547303344
1 12 0.44036314575906055
19 20 0.45447557415293793
26 27 0.2648485420353114
31 32 0.44036314575906055
12 31 0.44036314575906055
32 33 0.44036314575906044
33 34 0.31622776601683794
35 36 0.24253562503633305
3 36 0.41013765072018016
14 32 0.6459422414661729
14 36 0.42026922351675894
46 47 0.5491989060757267
53 56 0.43504682909273396
56 57 0.43504682909273396
67 68 0.44688748004423173
10 30 0.27472112789737807
10 67 0.44688748004423173
29 68 0.44688748004423173
69 70 0.43853389732059245
71 72 0.41013765072018016
36 71 0.41013765072018016
73 74 0.29905203463179886
48 49 0.9635832705655837
14 49 0.8015298375942789
48 73 0.29905203463179886
75 76 0.5009550251675063
8 83 0.26588018547303344
7 85 0.42386696924969847
83 85 0.42386696924969847
13 42 0.3924898298970976
41 42 0.3924898298970976
96 97 0.5491989060757267
47 96 0.5491989060757267
19 101 0.45447557415293793
106 107 0.20930084241001964
46 110 0.5491989060757267
100 101 0.45447557415293793
21 22 0.5491989060757267
22 44 0.7146205576032609
44 100 0.45447557415293793
21 45 0.5491989060757267
45 111 0.5491989060757267
110 111 0.5491989060757267
111 112 0.17888543819998323
21 55 0.43504682909273396
55 56 0.43504682909273396
114 115 0.44688748004423173
115 116 0.12403473458920823
11 115 0.16439898730535712
10 114 0.44688748004423173
49 115 0.44688748004423173
32 70 0.43853389732059245
28 64 0.9193978674108948
23 28 0.9193978674108948
59 127 0.18982596628637405
23 130 0.9193978674108948
58 131 0.9193978674108948
58 59 0.9193978674108948
130 131 0.9193978674108948
122 123 0.29875688778690535
58 123 0.29875688778690535
59 124 0.9193978674108948
132 133 0.29875688778690535
133 135 0.29875688778690535
122 134 0.29875688778690535
134 135 0.29875688778690535
137 138 0.44036314575906044
33 137 0.44036314575906044
140 141 0.5009550251675063
141 142 0.5009550251675063
77 141 0.5009550251675063
76 77 0.5009550251675063
146 147 0.5775422555405549
79 147 0.5775422555405549
148 149 0.5775422555405549
146 149 0.5775422555405549
150 151 0.4050379838034793
87 89 0.7140385816604794
89 154 0.6646079664461436
87 152 0.7140385816604794
153 154 0.15867809538375482
88 159 0.401882702042821
157 159 0.401882702042821
154 155 0.6646079664461436
86 155 0.6395487621338594
158 161 0.4050379838034793
150 161 0.4050379838034793
79 86 0.5775422555405549
89 158 0.7008217572776175
160 161 0.4050379838034793
17 161 0.24253562503633305
156 160 0.4050379838034793
92 165 0.30268373245132246
93 163 0.9904922731776807
163 165 0.30268373245132246
167 168 0.3924898298970976
41 169 0.3924898298970976
93 94 0.9968346994654795
170 171 0.11684124756739735
171 172 0.9968346994654795
94 171 0.9968346994654795
95 172 0.9968346994654795
43 173 0.416557151539
43 102 0.416557151539
102 105 0.416557151539
103 104 0.9193978674108948
103 106 0.20930084241001964
104 105 0.9193978674108948
117 118 0.2682458469298813
43 174 0.416557151539
54 119 0.46568184592502043
22 54 0.46568184592502043
44 105 0.8879107436584637
101 176 0.45447557415293793
176 177 0.45447557415293793
108 109 0.3322532556210557
63 64 0.9193978674108948
26 99 0.2648485420353114
27 63 0.2648485420353114
98 99 0.2648485420353114
98 186 0.2648485420353114
188 189 0.9794041662385321
189 190 0.9955930664400289
48 188 0.9794041662385321
169 189 0.3924898298970976
191 192 0.9955930664400289
191 193 0.9955930664400289
91 113 0.30973092464279706
113 191 0.30973092464279706
190 193 0.9955930664400289
197 198 0.46568184592502043
196 198 0.46568184592502043
119 198 0.46568184592502043
120 121 0.24253562503633305
54 120 0.34647308967348295
199 200 0.34647308967348295
120 199 0.34647308967348295
201 202 0.43504682909273396
55 201 0.43504682909273396
203 204 0.9193978674108948
203 205 0.3196117154326772
124 204 0.9193978674108948
206 207 0.3322532556210556
125 126 0.9193978674108948
126 207 0.3322532556210556
213 214 0.3196117154326772
215 216 0.3196117154326772
205 215 0.3196117154326772
214 216 0.3196117154326772
125 203 0.9193978674108948
217 218 0.5009550251675063
218 219 0.5009550251675063
221 223 0.17888543819998323
220 222 0.5009550251675063
221 222 0.5009550251675063
15 75 0.5009550251675063
15 221 0.5009550251675063
218 220 0.5009550251675063
136 222 0.27472112789737807
38 84 0.5095150636086039
16 38 0.5271190446388893
83 84 0.42386696924969847
15 16 0.5009550251675063
78 145 0.27472112789737807
78 139 0.43325580629944593
139 226 0.43325580629944593
230 231 0.22533840255077514
37 81 0.3367873302257419
37 212 0.3367873302257419
80 81 0.3367873302257419
18 80 0.3367873302257419
39 210 0.9193978674108948
39 143 0.46090664750237403
210 212 0.3367873302257419
143 230 0.22533840255077514
226 228 0.43325580629944593
227 228 0.43325580629944593
234 235 0.42386696924969847
85 235 0.42386696924969847
236 237 0.3322532556210556
206 236 0.3322532556210556
237 238 0.3322532556210556
84 224 0.4164651252305125
208 209 0.9193978674108948
209 211 0.9193978674108948
38 39 0.8499548890629737
210 211 0.9193978674108948
126 208 0.9193978674108948
86 239 0.44973224713502397
240 241 0.7140385816604794
40 232 0.7140385816604794
40 240 0.7140385816604794
152 241 0.7140385816604794
242 243 0.4458206961567404
155 243 0.4458206961567404
249 250 0.24911568776206966
4 90 0.11043152607484634
4 5 0.9193978674108948
5 251 0.9789804197375623
250 251 0.24911568776206966
254 257 0.394307990952738
254 255 0.394307990952738
255 256 0.394307990952738
256 258 0.27472112789737807
251 252 0.9835574515596848
253 256 0.394307990952738
252 253 0.394307990952738
162 253 0.15205718425394144
260 261 0.401882702042821
88 260 0.401882702042821
259 261 0.401882702042821
158 159 0.4586429197702533
262 263 0.3924898298970976
51 95 0.9968346994654795
51 262 0.3924898298970976
167 263 0.3924898298970976
113 264 0.30973092464279706
118 265 0.2682458469298813
266 267 0.2682458469298813
0 266 0.2682458469298813
265 267 0.2682458469298813
63 65 0.9193978674108948
65 117 0.2682458469298813
174 269 0.416557151539
270 271 0.3322532556210557
175 271 0.3322532556210557
108 270 0.3322532556210557
272 273 0.4516391801899102
100 272 0.4516391801899102
178 179 0.3524673847704252
104 179 0.3524673847704252
178 180 0.3524673847704252
274 275 0.4516391801899102
273 275 0.4516391801899102
276 277 0.3322532556210557
277 278 0.9193978674108948
182 276 0.3322532556210557
109 277 0.3322532556210557
103 277 0.9193978674108948
61 62 0.9193978674108948
60 62 0.9193978674108948
60 129 0.9193978674108948
24 25 0.9193978674108948
24 128 0.9193978674108948
25 183 0.9193978674108948
23 61 0.9193978674108948
184 278 0.9193978674108948
128 129 0.9193978674108948
183 184 0.9193978674108948
184 279 0.07669649888473763
280 281 0.3322532556210557
182 280 0.3322532556210557
185 281 0.3322532556210557
282 283 0.19495976356424574
187 283 0.19495976356424574
51 284 0.9968346994654795
284 285 inf
192 286 0.9955930664400289
285 286 0.9955930664400289
286 287 0.3924898298970976
289 290 0.29740334237425436
290 291 0.29740334237425436
291 292 0.29740334237425436
292 295 0.29740334237425436
293 294 0.2861817652993105
293 297 0.2861817652993105
295 296 0.29740334237425436
296 298 0.29740334237425436
297 298 0.9193978674108948
194 292 0.16439898730535715
50 293 0.27472112789737807
4 297 0.9193978674108948
299 300 0.2680973294686895
52 299 0.2680973294686895
195 300 0.2680973294686895
301 302 0.2680973294686895
195 301 0.2680973294686895
127 303 0.18982596628637405
309 310 0.4164651252305125
312 314 0.17888543819998323
311 313 0.4164651252305125
312 313 0.4164651252305125
310 311 0.4164651252305125
224 312 0.4164651252305125
225 313 0.27472112789737807
228 316 0.43325580629944593
16 78 0.43325580629944593
318 319 0.46090664750237403
317 319 0.46090664750237403
143 229 0.46090664750237403
229 317 0.46090664750237403
144 319 0.46090664750237403
320 321 0.44973224713502397
239 321 0.44973224713502397
322 323 0.41013765072018016
229 322 0.41013765072018016
324 325 0.401882702042821
157 324 0.401882702042821
244 325 0.401882702042821
246 326 0.1065331236342657
246 247 0.9835574515596848
164 165 0.30268373245132246
163 247 0.9835574515596848
327 328 0.2606887890489319
329 331 0.3234232216330033
330 332 0.3526211546430907
330 331 0.3234232216330033
245 332 0.3526211546430907
166 330 0.3526211546430907
166 252 0.9835574515596848
166 248 0.9835574515596848
248 328 0.2606887890489319
333 334 0.2713548314903084
336 337 0.19865060838380566
268 337 0.19865060838380566
178 338 0.3524673847704252
340 341 0.3924898298970976
288 340 0.3924898298970976
287 341 0.3924898298970976
82 348 0.2578267221132561
302 349 0.2680973294686895
187 350 0.19495976356424574
349 350 0.9193978674108948
351 353 0.3709906369661891
352 353 0.9835574515596848
246 352 0.9835574515596848
248 353 0.9835574515596848
355 356 0.2713548314903084
334 356 0.2713548314903084
40 335 0.2713548314903084
232 233 0.7140385816604794
233 298 0.9193978674108948
335 355 0.2713548314903084
357 358 0.19536380254124483
335 358 0.19536380254124483
66 346 0.33763495540344496
25 66 0.35964843566090055
315 347 0.33763495540344496
315 339 0.33763495540344496
346 347 0.33763495540344496
339 359 0.33763495540344496
360 361 0.2861817652993105
294 360 0.2861817652993105
344 345 0.27357670820940594
344 363 0.27357670820940594
362 363 0.27357670820940594
61 362 0.27357670820940594
364 365 0.29516127627400135
337 367 0.19865060838380566
65 366 0.9193978674108948
366 367 0.9193978674108948
349 367 0.9193978674108948
233 369 0.9193978674108948
350 370 0.9193978674108948
369 370 0.9193978674108948
371 373 0.14262467592408207
372 373 0.14262467592408207
369 373 0.14262467592408207
374 375 0.3709906369661891
351 374 0.3709906369661891
354 375 0.3709906369661891
376 377 0.27357670820940594
345 377 0.27357670820940594
304 343 0.3078798371183563
342 343 0.3078798371183563
307 378 0.33763495540344496
24 342 0.3078798371183563
66 305 0.33763495540344496
305 306 0.33763495540344496
306 308 0.33763495540344496
307 308 0.33763495540344496
380 381 0.29516127627400135
365 381 0.29516127627400135
368 380 0.29516127627400135
367 381 0.29516127627400135
366 379 0.2578267221132561
382 383 0.2578267221132561
348 382 0.2578267221132561
379 383 0.2578267221132561
129 384 0.0523474842616523
385 386 0.3078798371183563
304 386 0.3078798371183563
