232
7.960319494840583 24.97159090909091
7.971622491349796 24.63546650717704
7.988069508763011 25.30023923444976
8.48980494030847 23.08313397129186
9.08111260471072 22.44152046783626
8.11698442372695 23.94198564593302
8.12942620272907 26.00732173174872
8.50224676364283 27.009019524618
8.89039456517558 27.72132321731749
9.65646850106098 22.06139627120607
10.13519091847265 21.8273623414973
9.28851070049174 28.18155241935483
9.81347289318304 28.71335476646317
10.94711042311661 21.57130390804924
10.28431409643271 29.13144946808511
10.93439440993789 29.57982601649716
12. 21.32268757715682
11.55908793723439 29.9902548398885
12.0859962406015 30.26078782804713
13.04934210526316 21.15712432139632
13.02391088014153 30.63978883220673
13.67212274596902 12.06783121597096
14.04679425288744 11.46960072595281
13.55631139995245 12.97868707612952
13.70371124875783 14.01315789473684
13.93328064891756 14.68282548476454
13.87828947368421 21.04628244485574
13.82314241486068 30.93332852577376
14.53795001146526 11.03072696108086
15.12892349922425 10.77860959870942
14.17144128710517 15.16285591026747
14.58846378586917 15.89499795649607
14.9905082228042 16.52478227459017
14.3421052631579 20.99295432907053
14.99671052631579 20.91290373842507
14.96158344846144 25.40627467950451
14.64434464362995 26.08687178472497
14.71194887521319 26.8562030075188
15.05019927934982 27.39824891175307
14.20278637770898 31.06612769421504
14.94156346749226 31.27433085919928
15.88527867287266 10.78569881133402
15.41779925031912 17.0959912909836
15.86903838288395 17.69246117342537
16.03263366750209 20.65767779664214
16.05249009620826 24.6289747422841
15.44510174966987 24.99698100712868
15.49999797029596 27.92499587291582
16.09028033370138 28.39030852027643
15.99806501547988 31.4857339291502
16.49138853230637 10.9767260454647
17.01050135501355 11.37661064861237
16.29790648822771 18.20753380847953
16.81159631757576 18.78702942251462
17.11392412936252 19.30555555555556
16.94507101086048 20.31440765893228
16.96887379739672 24.32017175912829
16.98593730830573 28.73043732479639
17. 31.61109214058398
17.57699354216772 11.9697053610988
17.98298284609758 12.50365820954691
17.22809741745668 19.8530701754386
18. 24.15865083520477
17.71052631578947 28.97656512103128
18.14254385964912 29.10035197326857
18. 31.7046109439162
18.40204880367445 13.13113405953408
18.81556676837984 13.79582344693701
19.15922930668847 14.27255639097744
19. 24.11259263589596
18.94517543859649 29.21743001437676
19.05867709815078 31.80838372545296
19.62133918712867 14.82991071428571
20.13927738927739 15.3967810150376
20. 24.14224926512144
20. 29.28011798556297
19.84281650071124 31.91493948710106
20.63121089436879 15.87486557964679
21.13118022328548 16.29500641137728
21.03843147472642 24.31631009728365
21.05727554179567 29.22297917351712
20.27091038406828 32.03345894202092
20.95702702702703 32.39346019714601
21.9481658692185 16.67924738132707
21.91974986972381 24.62070341565947
21.84814241486068 29.14845514947134
21.68276877896572 32.9698275862069
22.01584690965574 33.47504537205082
23.02749410840534 16.75823367596732
22.4980768245073 25.06739640950907
22.95003846127855 25.57399711770048
22.32022058823529 28.87852437417655
22.86685313756296 28.38363132712163
22.23354405230647 34.07286494538233
22.58026672140478 34.98100794438927
22.91060434689648 35.70544503691551
23.96131186174391 16.41597952522502
23.26184323924292 26.10572215422277
23.33945493091059 27.00611189847323
23.248391145829 27.87105263157895
23.24169970642535 36.12861242165622
23.97137268847795 36.63025005010725
24.57758974008675 16.03150733977802
25.04769630110318 15.6098403476223
25.02617519600384 36.82953183353641
25.57289081794531 15.04978354978355
26.00046646860284 14.5424356345409
26.01743848583615 20.78254847645429
25.95894938827331 21.1912955465587
25.93557791537668 21.92653952695504
25.95050923474191 22.62145748987854
25.93865695466189 36.52861753362326
26.79103793251526 13.1280127195459
27.02337585489742 12.59610983981693
26.39544887437116 13.90600017831139
26.86919942347356 18.22191673212883
26.4896738693063 18.95259850332824
26.14567079214212 20.04870384917518
26.10403498022016 23.14383715699505
26.47910216718266 23.88398560503824
27.12618745203884 24.52070175438597
26.89272804263406 31.23896137402329
26.74931187549676 31.96992481203007
26.77845848051646 32.9906015037594
26.91102734472222 34.
26.82823638925721 35.03524436090225
26.50643541243423 35.94116446419078
27.68244891257976 11.11885852739265
28.06907420543924 10.5487704052913
27.30100823847787 11.93626329250236
28.08322126748617 16.63224748549838
27.65260776251863 17.1850257585999
27.19442771309244 17.78099024461536
27.81770130454341 24.88798300783405
28.01659059659308 30.53167365344307
27.19992542083955 30.91622758943394
28.5158960867631 10.0723042052907
29.13752703677001 9.59196756337973
28.98160406403941 15.46266098132084
28.52827195800112 16.05036653185036
28.28137651821862 25.06288626082072
28.97267206477733 25.19014675052411
28.83776544954549 30.13883498352303
29.8261355443403 9.19930418022964
29.91259628851541 14.38378854745559
29.42563336586904 14.93391304347826
30.04835807467386 25.21127009920456
30.00480564619095 29.573409760548
29.25571002979146 29.92814788641111
30.32258771929825 8.93620279187788
31.00416666666667 8.532900565719
30.92364253393665 13.38512474367737
30.3784923635446 13.89869047619048
30.84356725146199 25.08879604453468
30.89762732302455 29.18458996211823
31.68684210526316 8.07358099524717
32.13837719298245 7.802178173415608
32.07789304993252 12.56510665869218
31.42461498769548 12.96283393141946
31.25438596491228 24.96960785456477
31.989898989899 24.72901162969009
32.04143882433356 28.73738768805446
31.40977443609023 28.98038467881216
32.94627192982456 7.551891881083776
32.88254892037787 12.17976792323863
32.95241892610313 24.3527562204827
32.97411141490089 28.35347156032388
34. 7.407810341842439
34.02796052631579 11.7704866624771
33.42105263157895 11.95995028518924
33.55006451266061 24.04359366773332
34.13551242764726 23.63999764266892
34.14435473152578 27.79390974940487
33.64354066985646 28.04308647528763
35. 7.420336772446714
35.00218179377014 11.64373018031782
34.77393452719483 23.1799758015729
35.17578356002365 22.76733005010733
34.91030369484317 27.4036041947322
36. 7.485824549761436
35.96374865735768 11.73436078177886
35.6208423579211 22.15417000801925
36.05185758513932 21.58796032241248
36.06660353535354 26.618698283141
35.56379585326953 27.02526280949505
37.03733997155049 7.63239196468875
36.57670020916954 11.94502508811719
37.07690655209452 12.30908975892528
36.4912765060332 20.94995285983658
36.91528069588455 20.30104369975851
37.06174242424242 25.57966415399112
36.61654372674108 26.08426470588236
37.92389758179232 7.83144464484096
37.64959604340351 12.94744318181818
38.01859934763379 13.52452153110048
37.64981149550021 19.0631371503082
37.99618243265059 18.36842105263158
37.21738674046527 19.83376303935514
38.01521739130435 24.50225079470267
37.51790531169822 25.0394820971867
38.45732574679944 7.997491170397657
39.05109056424846 8.19644941549504
38.22414790194901 14.07483552631579
38.40470663073702 14.96299342105263
38.45598485802702 16.
38.34861784601495 17.04660087719298
38.16892030579959 17.88870614035088
38.97330496490371 23.48359663791586
38.51287185354691 23.98348662207358
40.00400663821717 8.56843714149808
40.06745845812281 21.70828667413214
39.82224080751817 22.17961280041347
39.42046287249633 22.8669674390559
40.73157894736843 8.90227150311984
41.2077322936972 9.23400644254176
41.01582350637671 19.57894736842105
40.7701548228608 20.10165873460246
40.39460744100224 20.98211786114222
41.7940931611436 9.69125465178097
42.03757832455348 17.62512413108242
41.76619863475727 18.13340988083416
41.35885370995728 18.92611097318769
42.33056164717349 10.21090331452174
42.80870530060242 10.76783906882591
43.11990919148433 11.2085020242915
43.0413305682166 15.60526315789474
42.78922764116563 16.12073816617015
42.38555807445211 16.9464581264482
43.37764755570583 11.94382591093117
43.57947171566025 12.99746963562753
43.51906514789634 14.0219298245614
43.28733038929355 14.98245614035088
232
0 1
2 0
3 4
5 3
1 5
6 2
7 6
8 7
9 10
4 9
11 8
12 11
10 13
14 12
15 14
13 16
17 15
18 17
16 19
20 18
21 22
23 21
24 23
25 24
19 26
27 20
28 29
22 28
30 25
31 30
32 31
33 34
26 33
35 36
36 37
37 38
39 27
40 39
29 41
42 32
43 42
34 44
45 46
46 35
38 47
47 48
49 40
41 50
50 51
52 43
53 52
54 53
44 55
56 45
48 57
58 49
51 59
59 60
61 54
55 61
62 56
57 63
63 64
65 58
60 66
66 67
67 68
69 62
64 70
71 65
68 72
72 73
74 69
70 75
76 71
73 77
77 78
79 74
75 80
81 76
82 81
78 83
84 79
80 85
86 82
87 86
83 88
89 84
90 89
91 92
85 91
93 87
94 93
95 94
88 96
97 90
98 97
99 98
92 99
100 95
101 100
102 103
96 102
104 101
105 106
103 105
107 108
108 109
109 110
111 104
112 113
114 112
106 114
115 116
116 117
117 107
110 118
118 119
119 120
121 122
122 123
123 124
124 125
125 126
126 111
127 128
129 127
113 129
130 131
131 132
132 115
120 133
134 135
135 121
136 137
128 136
138 139
139 130
133 140
140 141
142 134
137 143
144 145
145 138
141 146
147 148
148 142
149 150
143 149
151 152
152 144
146 153
154 147
155 156
150 155
157 158
158 151
159 160
153 159
161 162
162 154
156 163
164 157
160 165
166 161
163 167
168 169
169 164
170 171
165 170
172 173
173 166
167 174
175 168
176 177
171 176
178 172
174 179
180 175
181 182
177 181
183 184
184 178
179 185
186 180
187 186
188 189
182 188
190 191
191 183
185 192
193 187
194 193
195 196
197 195
189 197
198 199
199 190
192 200
200 201
202 194
203 202
204 203
205 204
206 205
196 206
207 208
208 198
201 209
210 211
211 212
212 207
209 213
213 214
215 216
216 217
217 210
214 218
219 220
220 221
221 215
218 222
222 223
223 224
225 226
226 227
227 219
224 228
228 229
229 230
230 231
231 225
