182
7.960319494840583 24.97159090909091
7.971622491349796 24.63546650717704
7.988069508763011 25.30023923444976
8.48980494030847 23.08313397129186
9.08111260471072 22.44152046783626
8.11698442372695 23.94198564593302
8.12942620272907 26.00732173174872
8.50224676364283 27.009019524618
8.89039456517558 27.72132321731749
9.65646850106098 22.06139627120607
10.13519091847265 21.8273623414973
9.28851070049174 28.18155241935483
9.81347289318304 28.71335476646317
10.94711042311661 21.57130390804924
10.28431409643271 29.13144946808511
10.93439440993789 29.57982601649716
12. 21.32268757715682
11.55908793723439 29.9902548398885
12.0859962406015 30.26078782804713
13.04934210526316 21.15712432139632
13.02391088014153 30.63978883220673
13.67212274596902 12.06783121597096
14.04679425288744 11.46960072595281
13.55631139995245 12.97868707612952
13.70371124875783 14.01315789473684
13.93328064891756 14.68282548476454
13.87828947368421 21.04628244485574
13.82314241486068 30.93332852577376
14.53795001146526 11.03072696108086
15.12892349922425 10.77860959870942
14.17144128710517 15.16285591026747
14.58846378586917 15.89499795649607
14.9905082228042 16.52478227459017
14.3421052631579 20.99295432907053
14.99671052631579 20.91290373842507
14.20278637770898 31.06612769421504
14.94156346749226 31.27433085919928
15.88527867287266 10.78569881133402
15.41779925031912 17.0959912909836
15.86903838288395 17.69246117342537
16.03263366750209 20.65767779664214
15.99806501547988 31.4857339291502
16.49138853230637 10.9767260454647
17.01050135501355 11.37661064861237
16.29790648822771 18.20753380847953
16.81159631757576 18.78702942251462
17.11392412936252 19.30555555555556
16.94507101086048 20.31440765893228
17. 31.61109214058398
17.57699354216772 11.9697053610988
17.98298284609758 12.50365820954691
17.22809741745668 19.8530701754386
18. 31.7046109439162
18.40204880367445 13.13113405953408
18.81556676837984 13.79582344693701
19.15922930668847 14.27255639097744
19.05867709815078 31.80838372545296
19.62286372038694 14.82991071428571
20.13348416289593 15.39496972256591
19.84281650071124 31.91493948710106
20.61657537508931 15.86491862567812
21.19117647058824 16.36099743028457
20.27091038406828 32.03345894202092
20.95702702702703 32.39346019714601
21.76547987616099 16.82748575779412
22.18421052631579 17.1367343973608
21.68276877896572 32.9698275862069
22.01584690965574 33.47504537205082
22.99141876430206 17.55002342482346
22.23354405230647 34.07286494538233
22.58026672140478 34.98100794438927
22.91060434689648 35.70544503691551
23.84839816933638 17.93253482804096
23.24169970642535 36.12861242165622
23.97137268847795 36.63025005010725
24.26659038901602 18.05364293685664
25.01010177044441 18.1357897591819
25.02617519600384 36.82953183353641
25.89273455377574 18.12602505437124
25.93865695466189 36.52861753362326
26.40027700831025 18.00433501027771
27.05085348506401 17.75787516353388
26.89319938501717 31.23861013920941
26.74918783802752 31.96992481203007
26.77845848051646 32.9906015037594
26.91102734472222 34.
26.82823638925721 35.03524436090225
26.50643541243423 35.94116446419078
27.92503930523321 17.37806686735695
28.01163795037466 30.5431976815694
27.20111618054424 30.91541697280221
28.53423217267611 17.00052116795014
29.06653936545241 16.54990390620672
28.85825256876206 30.1555399076477
29.61635691755829 16.08342774105067
30.16580487590213 15.68012843810192
29.98312356979405 29.65152077817573
29.30778032036613 29.93728224799307
30.83927785601127 15.26819273139488
31.01503883225851 29.45321666115839
31.40923641841634 14.91653047585523
31.93472854311605 14.52218533816486
31.9597288676236 29.61075745403753
32.8188251815168 12.04784688995215
32.97150452672018 11.47129186602871
32.6127300041516 13.00642719417268
32.36701420713664 13.92772977219167
32.57885112467689 29.96946033036259
33.02612330198537 30.40137429531969
33.61835085771923 10.13342902711324
34.11426733203297 9.54066232998226
33.22206938491834 10.88644338118022
33.53436359969935 31.0244191559981
33.94831718996874 31.61361084075765
34.63679155300356 9.08949360490682
35.13179117147708 8.77895978331741
34.24507788037733 32.13954529180093
34.63858021812181 32.92152844517308
34.98553700591052 33.57089151450054
35.95923744254421 8.6052037938407
35.23964363561318 34.08727175080558
35.54634842604445 34.95972073039742
35.79961966393169 36.0219298245614
35.93420776063554 36.98245614035088
35.99683743988276 37.60526315789473
37.02310654685493 8.68146652578646
37.20967587814853 25.75675675675676
36.8312693498452 26.20122942491363
36.72870573132976 26.92857142857143
36.88651880535572 27.63533834586466
36.03846605696935 38.10087719298245
36.11558456940239 38.95614035087719
36.30401876784986 40.03718535469107
36.60169545488601 40.92448512585813
37.10624392993986 41.51911708619375
37.70795892169448 8.91172071765676
38.19220327516219 9.20302071346375
37.77661228764107 25.26706970128023
37.27137805259849 28.15785992759677
37.71137491510479 28.8475006961849
38.04533932434123 29.38304093567251
37.67683997658454 41.94135523788519
38.20480549199085 42.1048771746023
38.81866478159804 9.63397696989886
38.98734778640422 23.35645933014354
38.6176047071344 24.06640372429846
38.18792463899771 24.80460364670891
38.43641381556413 30.07225375530329
38.84883617944149 30.81958777663112
39.08742536572905 31.24613003095975
38.78718535469107 42.0997494763744
39.39509246088194 10.19096927805705
39.83895655523946 10.76415722851432
40.12391168128248 11.18421052631579
39.98827929686002 20.45013850415512
39.76858587501948 21.03947368421053
39.44773771689903 22.02014605892722
39.16183823228231 22.88397129186603
39.4506610910497 31.99479842870935
39.82937328616678 32.92224275109024
40.01587121924652 33.46943972835315
39.87485710375532 41.48527122845449
39.29883377905213 41.92006422820468
40.47965274009767 11.94654605263158
40.8591602233677 13.01891447368421
41.00005330933991 13.69736842105263
41.01009856856082 16.52870813397129
40.94201500228714 17.07057416267943
40.79619115478739 17.96411483253588
40.5191871707615 19.03808864265928
40.20747348148325 19.92105263157895
40.18765032369815 34.04711375212224
40.4093193004499 34.97028862478778
40.58788160666096 36.
40.69353178209714 37.
40.76597240293641 38.
40.78274166386246 39.
40.63610844506028 40.0408692185008
40.36265192960223 40.91048644338118
41.04956146557621 14.13733552631579
41.08493269033945 14.97645035885168
41.06595282049722 15.95215311004785
182
0 1
2 0
3 4
5 3
1 5
6 2
7 6
8 7
9 10
4 9
11 8
12 11
10 13
14 12
15 14
13 16
17 15
18 17
16 19
20 18
21 22
23 21
24 23
25 24
19 26
27 20
28 29
22 28
30 25
31 30
32 31
33 34
26 33
35 27
36 35
29 37
38 32
39 38
34 40
41 36
37 42
42 43
44 39
45 44
46 45
40 47
48 41
43 49
49 50
51 46
47 51
52 48
50 53
53 54
54 55
56 52
55 57
57 58
59 56
58 60
60 61
62 59
63 62
61 64
64 65
66 63
67 66
65 68
69 67
70 69
71 70
68 72
73 71
74 73
72 75
75 76
77 74
76 78
79 77
80 81
78 80
82 83
83 84
84 85
85 86
86 87
87 79
81 88
89 90
90 82
91 92
88 91
93 89
94 95
92 94
96 97
97 93
95 98
99 96
100 101
98 100
102 99
103 104
105 103
106 105
101 106
107 102
108 107
109 110
111 109
104 111
112 108
113 112
114 115
110 114
116 113
117 116
118 117
115 119
120 118
121 120
122 121
123 122
124 123
119 125
126 127
127 128
128 129
130 124
131 130
132 131
133 132
134 133
125 135
135 136
137 126
129 138
138 139
139 140
141 134
142 141
136 143
144 145
145 146
146 137
140 147
147 148
148 149
150 142
143 151
151 152
152 153
154 155
155 156
156 157
157 144
149 158
158 159
159 160
161 162
162 150
153 163
163 164
164 165
166 167
167 168
168 169
169 170
170 154
160 171
171 172
172 173
173 174
174 175
175 176
176 177
177 178
178 161
165 179
179 180
180 181
181 166
